Nomor,KP,Jumlah,Entri,Tipe,Pembentukan
80187,v,18,menurutinya,dasar,
80187.1,x,,[meng-:me-] + <nurutinya>,bentukan,[1] meng- + (l;m;n;ng;ny;r;w;y;[t:n];[p:m];[k:ng];[s:ny]) + (-i;-kan)
80187.2,x,,[meng-:me-] + <turutinya>,bentukan,[1] meng- + (l;m;n;ng;ny;r;w;y;[t:n];[p:m];[k:ng];[s:ny]) + (-i;-kan)
80187.3,x,,<menuruti> + -nya,bentukan,[34] [SFS] -nya + (<all>)
80187.4,x,,[meng-:me-] + <nurut> + -i + -nya,bentukan,[1] meng- + (l;m;n;ng;ny;r;w;y;[t:n];[p:m];[k:ng];[s:ny]) + (-i;-kan) => [34] [SFS] -nya + (<all>)
80187.5,v,,[meng-:me-] + <turut> + -i + -nya,bentukan,[1] meng- + (l;m;n;ng;ny;r;w;y;[t:n];[p:m];[k:ng];[s:ny]) + (-i;-kan) => [34] [SFS] -nya + (<all>)
80187.6,x,,[meng-:me-] + <nuruti> + -nya,bentukan,[1] meng- + (l;m;n;ng;ny;r;w;y;[t:n];[p:m];[k:ng];[s:ny]) + (-i;-kan) => [34] [SFS] -nya + (<all>)
80187.7,x,,[meng-:me-] + <turuti> + -nya,bentukan,[1] meng- + (l;m;n;ng;ny;r;w;y;[t:n];[p:m];[k:ng];[s:ny]) + (-i;-kan) => [34] [SFS] -nya + (<all>)
80187.8,x,,<menurut> + -i + -nya,bentukan,[28] [S] -i + (<all>) => [34] [SFS] -nya + (<all>)
,,,,,
80188,k,19,menurutkan,dasar,
80188.1,x,,[meng-:me-] + <nurut> + -kan,bentukan,[1] meng- + (l;m;n;ng;ny;r;w;y;[t:n];[p:m];[k:ng];[s:ny]) + (-i;-kan)
80188.2,v,,[meng-:me-] + <turut> + -kan,bentukan,[1] meng- + (l;m;n;ng;ny;r;w;y;[t:n];[p:m];[k:ng];[s:ny]) + (-i;-kan)
80188.3,x,,[meng-:me-] + <nurutkan>,bentukan,[1] meng- + (l;m;n;ng;ny;r;w;y;[t:n];[p:m];[k:ng];[s:ny]) + (-i;-kan)
80188.4,x,,[meng-:me-] + <turutkan>,bentukan,[1] meng- + (l;m;n;ng;ny;r;w;y;[t:n];[p:m];[k:ng];[s:ny]) + (-i;-kan)
80188.5,x,,<menurut> + -kan,bentukan,[29] [S] -kan + (<all>)
80188.6,x,,<menurutk> + -an,bentukan,[38] [S] -an + (<all>)
,,,,,
80189,k,0,menurutkan hati,dasar,
80189.1,x,,[meng-:me-] + <nurutkan hat> + -i,bentukan,[1] meng- + (l;m;n;ng;ny;r;w;y;[t:n];[p:m];[k:ng];[s:ny]) + (-i;-kan)
80189.2,x,,[meng-:me-] + <turutkan hat> + -i,bentukan,[1] meng- + (l;m;n;ng;ny;r;w;y;[t:n];[p:m];[k:ng];[s:ny]) + (-i;-kan)
80189.3,x,,[meng-:me-] + <nurutkan hati>,bentukan,[1] meng- + (l;m;n;ng;ny;r;w;y;[t:n];[p:m];[k:ng];[s:ny]) + (-i;-kan)
80189.4,x,,[meng-:me-] + <turutkan hati>,bentukan,[1] meng- + (l;m;n;ng;ny;r;w;y;[t:n];[p:m];[k:ng];[s:ny]) + (-i;-kan)
80189.5,x,,<menurutkan hat> + -i,bentukan,[28] [S] -i + (<all>)
,,,,,
80190,k,0,menurutkan hawa nafsu,dasar,
80190.1,x,,[meng-:me-] + <nurutkan hawa nafsu>,bentukan,[1] meng- + (l;m;n;ng;ny;r;w;y;[t:n];[p:m];[k:ng];[s:ny]) + (-i;-kan)
80190.2,x,,[meng-:me-] + <turutkan hawa nafsu>,bentukan,[1] meng- + (l;m;n;ng;ny;r;w;y;[t:n];[p:m];[k:ng];[s:ny]) + (-i;-kan)
,,,,,
80191,k,0,menurutkan untung,dasar,
80191.1,x,,[meng-:me-] + <nurutkan untung>,bentukan,[1] meng- + (l;m;n;ng;ny;r;w;y;[t:n];[p:m];[k:ng];[s:ny]) + (-i;-kan)
80191.2,x,,[meng-:me-] + <turutkan untung>,bentukan,[1] meng- + (l;m;n;ng;ny;r;w;y;[t:n];[p:m];[k:ng];[s:ny]) + (-i;-kan)
,,,,,
80192,v,3,menurutlah,dasar,
80192.1,x,,[meng-:me-] + <nurutlah>,bentukan,[1] meng- + (l;m;n;ng;ny;r;w;y;[t:n];[p:m];[k:ng];[s:ny]) + (-i;-kan)
80192.2,x,,[meng-:me-] + <turutlah>,bentukan,[1] meng- + (l;m;n;ng;ny;r;w;y;[t:n];[p:m];[k:ng];[s:ny]) + (-i;-kan)
80192.3,x,,<menurut> + -lah,bentukan,[31] [FS] -lah + (<all>)
80192.4,x,,[meng-:me-] + <nurut> + -lah,bentukan,[1] meng- + (l;m;n;ng;ny;r;w;y;[t:n];[p:m];[k:ng];[s:ny]) + (-i;-kan) => [31] [FS] -lah + (<all>)
80192.5,v,,[meng-:me-] + <turut> + -lah,bentukan,[1] meng- + (l;m;n;ng;ny;r;w;y;[t:n];[p:m];[k:ng];[s:ny]) + (-i;-kan) => [31] [FS] -lah + (<all>)
,,,,,
80193,v,1680,menurutnya,dasar,
80193.1,x,,[meng-:me-] + <nurutnya>,bentukan,[1] meng- + (l;m;n;ng;ny;r;w;y;[t:n];[p:m];[k:ng];[s:ny]) + (-i;-kan)
80193.2,x,,[meng-:me-] + <turutnya>,bentukan,[1] meng- + (l;m;n;ng;ny;r;w;y;[t:n];[p:m];[k:ng];[s:ny]) + (-i;-kan)
80193.3,x,,<menurut> + -nya,bentukan,[34] [SFS] -nya + (<all>)
80193.4,x,,[meng-:me-] + <nurut> + -nya,bentukan,[1] meng- + (l;m;n;ng;ny;r;w;y;[t:n];[p:m];[k:ng];[s:ny]) + (-i;-kan) => [34] [SFS] -nya + (<all>)
80193.5,v,,[meng-:me-] + <turut> + -nya,bentukan,[1] meng- + (l;m;n;ng;ny;r;w;y;[t:n];[p:m];[k:ng];[s:ny]) + (-i;-kan) => [34] [SFS] -nya + (<all>)
,,,,,
80194,k,0,menusantara,dasar,
80194.1,v,,[meng-:me-] + <nusantara>,bentukan,[1] meng- + (l;m;n;ng;ny;r;w;y;[t:n];[p:m];[k:ng];[s:ny]) + (-i;-kan)
80194.2,x,,[meng-:me-] + <tusantara>,bentukan,[1] meng- + (l;m;n;ng;ny;r;w;y;[t:n];[p:m];[k:ng];[s:ny]) + (-i;-kan)
,,,,,
80195,k,0,menusir,dasar,
80195.1,x,,[meng-:me-] + <nusir>,bentukan,[1] meng- + (l;m;n;ng;ny;r;w;y;[t:n];[p:m];[k:ng];[s:ny]) + (-i;-kan)
80195.2,v,,[meng-:me-] + <tusir>,bentukan,[1] meng- + (l;m;n;ng;ny;r;w;y;[t:n];[p:m];[k:ng];[s:ny]) + (-i;-kan)
,,,,,
80196,k,221,menusuk,dasar,
80196.1,x,,[meng-:me-] + <nusuk>,bentukan,[1] meng- + (l;m;n;ng;ny;r;w;y;[t:n];[p:m];[k:ng];[s:ny]) + (-i;-kan)
80196.2,v,,[meng-:me-] + <tusuk>,bentukan,[1] meng- + (l;m;n;ng;ny;r;w;y;[t:n];[p:m];[k:ng];[s:ny]) + (-i;-kan)
,,,,,
80197,k,0,menusuk hati,dasar,
80197.1,x,,[meng-:me-] + <nusuk hat> + -i,bentukan,[1] meng- + (l;m;n;ng;ny;r;w;y;[t:n];[p:m];[k:ng];[s:ny]) + (-i;-kan)
80197.2,x,,[meng-:me-] + <tusuk hat> + -i,bentukan,[1] meng- + (l;m;n;ng;ny;r;w;y;[t:n];[p:m];[k:ng];[s:ny]) + (-i;-kan)
80197.3,x,,[meng-:me-] + <nusuk hati>,bentukan,[1] meng- + (l;m;n;ng;ny;r;w;y;[t:n];[p:m];[k:ng];[s:ny]) + (-i;-kan)
80197.4,x,,[meng-:me-] + <tusuk hati>,bentukan,[1] meng- + (l;m;n;ng;ny;r;w;y;[t:n];[p:m];[k:ng];[s:ny]) + (-i;-kan)
80197.5,x,,<menusuk hat> + -i,bentukan,[28] [S] -i + (<all>)
,,,,,
80198,k,0,menusuk hidung,dasar,
80198.1,x,,[meng-:me-] + <nusuk hidung>,bentukan,[1] meng- + (l;m;n;ng;ny;r;w;y;[t:n];[p:m];[k:ng];[s:ny]) + (-i;-kan)
80198.2,x,,[meng-:me-] + <tusuk hidung>,bentukan,[1] meng- + (l;m;n;ng;ny;r;w;y;[t:n];[p:m];[k:ng];[s:ny]) + (-i;-kan)
,,,,,
80199,k,0,menusuk perasaan,dasar,
80199.1,x,,[meng-:me-] + <nusuk perasaan>,bentukan,[1] meng- + (l;m;n;ng;ny;r;w;y;[t:n];[p:m];[k:ng];[s:ny]) + (-i;-kan)
80199.2,x,,[meng-:me-] + <tusuk perasaan>,bentukan,[1] meng- + (l;m;n;ng;ny;r;w;y;[t:n];[p:m];[k:ng];[s:ny]) + (-i;-kan)
80199.3,x,,<menusuk perasa> + -an,bentukan,[38] [S] -an + (<all>)
,,,,,
80200,k,35,menusuk-nusuk,dasar,
80200.1,x,,[meng-:me-] + <nusuk> [-] <r>,bentukan,[1] meng- + (l;m;n;ng;ny;r;w;y;[t:n];[p:m];[k:ng];[s:ny]) + (-i;-kan) => [25] [RD] meng-|
80200.2,v,,[meng-:me-] + <tusuk> [-] <r>,bentukan,[1] meng- + (l;m;n;ng;ny;r;w;y;[t:n];[p:m];[k:ng];[s:ny]) + (-i;-kan) => [25] [RD] meng-|
,,,,,
80201,k,4,menusuk-nusukkan,dasar,
80201.1,x,,[meng-:me-] + <nusuk> [-] <r> + -kan,bentukan,[1] meng- + (l;m;n;ng;ny;r;w;y;[t:n];[p:m];[k:ng];[s:ny]) + (-i;-kan) => [25] [RD] meng-|
80201.2,v,,[meng-:me-] + <tusuk> [-] <r> + -kan,bentukan,[1] meng- + (l;m;n;ng;ny;r;w;y;[t:n];[p:m];[k:ng];[s:ny]) + (-i;-kan) => [25] [RD] meng-|
,,,,,
80202,v,3,menusuki,dasar,
80202.1,x,,[meng-:me-] + <nusuk> + -i,bentukan,[1] meng- + (l;m;n;ng;ny;r;w;y;[t:n];[p:m];[k:ng];[s:ny]) + (-i;-kan)
80202.2,v,,[meng-:me-] + <tusuk> + -i,bentukan,[1] meng- + (l;m;n;ng;ny;r;w;y;[t:n];[p:m];[k:ng];[s:ny]) + (-i;-kan)
80202.3,x,,[meng-:me-] + <nusuki>,bentukan,[1] meng- + (l;m;n;ng;ny;r;w;y;[t:n];[p:m];[k:ng];[s:ny]) + (-i;-kan)
80202.4,x,,[meng-:me-] + <tusuki>,bentukan,[1] meng- + (l;m;n;ng;ny;r;w;y;[t:n];[p:m];[k:ng];[s:ny]) + (-i;-kan)
80202.5,x,,<menusuk> + -i,bentukan,[28] [S] -i + (<all>)
,,,,,
80203,k,44,menusukkan,dasar,
80203.1,x,,[meng-:me-] + <nusuk> + -kan,bentukan,[1] meng- + (l;m;n;ng;ny;r;w;y;[t:n];[p:m];[k:ng];[s:ny]) + (-i;-kan)
80203.2,v,,[meng-:me-] + <tusuk> + -kan,bentukan,[1] meng- + (l;m;n;ng;ny;r;w;y;[t:n];[p:m];[k:ng];[s:ny]) + (-i;-kan)
80203.3,x,,[meng-:me-] + <nusukkan>,bentukan,[1] meng- + (l;m;n;ng;ny;r;w;y;[t:n];[p:m];[k:ng];[s:ny]) + (-i;-kan)
80203.4,x,,[meng-:me-] + <tusukkan>,bentukan,[1] meng- + (l;m;n;ng;ny;r;w;y;[t:n];[p:m];[k:ng];[s:ny]) + (-i;-kan)
80203.5,x,,<menusuk> + -kan,bentukan,[29] [S] -kan + (<all>)
80203.6,x,,<menusukk> + -an,bentukan,[38] [S] -an + (<all>)
,,,,,
80204,v,2,menusukkannya,dasar,
80204.1,x,,[meng-:me-] + <nusukkannya>,bentukan,[1] meng- + (l;m;n;ng;ny;r;w;y;[t:n];[p:m];[k:ng];[s:ny]) + (-i;-kan)
80204.2,x,,[meng-:me-] + <tusukkannya>,bentukan,[1] meng- + (l;m;n;ng;ny;r;w;y;[t:n];[p:m];[k:ng];[s:ny]) + (-i;-kan)
80204.3,x,,<menusukkan> + -nya,bentukan,[34] [SFS] -nya + (<all>)
80204.4,x,,[meng-:me-] + <nusuk> + -kan + -nya,bentukan,[1] meng- + (l;m;n;ng;ny;r;w;y;[t:n];[p:m];[k:ng];[s:ny]) + (-i;-kan) => [34] [SFS] -nya + (<all>)
80204.5,v,,[meng-:me-] + <tusuk> + -kan + -nya,bentukan,[1] meng- + (l;m;n;ng;ny;r;w;y;[t:n];[p:m];[k:ng];[s:ny]) + (-i;-kan) => [34] [SFS] -nya + (<all>)
80204.6,x,,[meng-:me-] + <nusukkan> + -nya,bentukan,[1] meng- + (l;m;n;ng;ny;r;w;y;[t:n];[p:m];[k:ng];[s:ny]) + (-i;-kan) => [34] [SFS] -nya + (<all>)
80204.7,x,,[meng-:me-] + <tusukkan> + -nya,bentukan,[1] meng- + (l;m;n;ng;ny;r;w;y;[t:n];[p:m];[k:ng];[s:ny]) + (-i;-kan) => [34] [SFS] -nya + (<all>)
80204.8,x,,<menusuk> + -kan + -nya,bentukan,[29] [S] -kan + (<all>) => [34] [SFS] -nya + (<all>)
80204.9,x,,<menusukk> + -an + -nya,bentukan,[38] [S] -an + (<all>) => [34] [SFS] -nya + (<all>)
,,,,,
80205,v,7,menusukku,dasar,
80205.1,x,,[meng-:me-] + <nusukku>,bentukan,[1] meng- + (l;m;n;ng;ny;r;w;y;[t:n];[p:m];[k:ng];[s:ny]) + (-i;-kan)
80205.2,x,,[meng-:me-] + <tusukku>,bentukan,[1] meng- + (l;m;n;ng;ny;r;w;y;[t:n];[p:m];[k:ng];[s:ny]) + (-i;-kan)
80205.3,x,,<menusuk> + -ku,bentukan,[32] [SFS] -ku + (<all>)
80205.4,x,,[meng-:me-] + <nusuk> + -ku,bentukan,[1] meng- + (l;m;n;ng;ny;r;w;y;[t:n];[p:m];[k:ng];[s:ny]) + (-i;-kan) => [32] [SFS] -ku + (<all>)
80205.5,v,,[meng-:me-] + <tusuk> + -ku,bentukan,[1] meng- + (l;m;n;ng;ny;r;w;y;[t:n];[p:m];[k:ng];[s:ny]) + (-i;-kan) => [32] [SFS] -ku + (<all>)
,,,,,
80206,v,12,menusuknya,dasar,
80206.1,x,,[meng-:me-] + <nusuknya>,bentukan,[1] meng- + (l;m;n;ng;ny;r;w;y;[t:n];[p:m];[k:ng];[s:ny]) + (-i;-kan)
80206.2,x,,[meng-:me-] + <tusuknya>,bentukan,[1] meng- + (l;m;n;ng;ny;r;w;y;[t:n];[p:m];[k:ng];[s:ny]) + (-i;-kan)
80206.3,x,,<menusuk> + -nya,bentukan,[34] [SFS] -nya + (<all>)
80206.4,x,,[meng-:me-] + <nusuk> + -nya,bentukan,[1] meng- + (l;m;n;ng;ny;r;w;y;[t:n];[p:m];[k:ng];[s:ny]) + (-i;-kan) => [34] [SFS] -nya + (<all>)
80206.5,v,,[meng-:me-] + <tusuk> + -nya,bentukan,[1] meng- + (l;m;n;ng;ny;r;w;y;[t:n];[p:m];[k:ng];[s:ny]) + (-i;-kan) => [34] [SFS] -nya + (<all>)
,,,,,
80207,k,19,menutrisi,dasar,
80207.1,x,,[meng-:me-] + <nutris> + -i,bentukan,[1] meng- + (l;m;n;ng;ny;r;w;y;[t:n];[p:m];[k:ng];[s:ny]) + (-i;-kan)
80207.2,x,,[meng-:me-] + <tutris> + -i,bentukan,[1] meng- + (l;m;n;ng;ny;r;w;y;[t:n];[p:m];[k:ng];[s:ny]) + (-i;-kan)
80207.3,v,,[meng-:me-] + <nutrisi>,bentukan,[1] meng- + (l;m;n;ng;ny;r;w;y;[t:n];[p:m];[k:ng];[s:ny]) + (-i;-kan)
80207.4,x,,[meng-:me-] + <tutrisi>,bentukan,[1] meng- + (l;m;n;ng;ny;r;w;y;[t:n];[p:m];[k:ng];[s:ny]) + (-i;-kan)
80207.5,x,,<menutris> + -i,bentukan,[28] [S] -i + (<all>)
,,,,,
80208,k,0,menutuh,dasar,
80208.1,x,,[meng-:me-] + <nutuh>,bentukan,[1] meng- + (l;m;n;ng;ny;r;w;y;[t:n];[p:m];[k:ng];[s:ny]) + (-i;-kan)
80208.2,v,,[meng-:me-] + <tutuh>,bentukan,[1] meng- + (l;m;n;ng;ny;r;w;y;[t:n];[p:m];[k:ng];[s:ny]) + (-i;-kan)
,,,,,
80209,k,0,menutuk,dasar,
80209.1,x,,[meng-:me-] + <nutuk>,bentukan,[1] meng- + (l;m;n;ng;ny;r;w;y;[t:n];[p:m];[k:ng];[s:ny]) + (-i;-kan)
80209.2,v,,[meng-:me-] + <tutuk>,bentukan,[1] meng- + (l;m;n;ng;ny;r;w;y;[t:n];[p:m];[k:ng];[s:ny]) + (-i;-kan)
,,,,,
80210,k,0,menutuli,dasar,
80210.1,x,,[meng-:me-] + <nutul> + -i,bentukan,[1] meng- + (l;m;n;ng;ny;r;w;y;[t:n];[p:m];[k:ng];[s:ny]) + (-i;-kan)
80210.2,v,,[meng-:me-] + <tutul> + -i,bentukan,[1] meng- + (l;m;n;ng;ny;r;w;y;[t:n];[p:m];[k:ng];[s:ny]) + (-i;-kan)
80210.3,x,,[meng-:me-] + <nutuli>,bentukan,[1] meng- + (l;m;n;ng;ny;r;w;y;[t:n];[p:m];[k:ng];[s:ny]) + (-i;-kan)
80210.4,x,,[meng-:me-] + <tutuli>,bentukan,[1] meng- + (l;m;n;ng;ny;r;w;y;[t:n];[p:m];[k:ng];[s:ny]) + (-i;-kan)
80210.5,x,,<menutul> + -i,bentukan,[28] [S] -i + (<all>)
,,,,,
80211,k,0,menutulkan,dasar,
80211.1,x,,[meng-:me-] + <nutul> + -kan,bentukan,[1] meng- + (l;m;n;ng;ny;r;w;y;[t:n];[p:m];[k:ng];[s:ny]) + (-i;-kan)
80211.2,v,,[meng-:me-] + <tutul> + -kan,bentukan,[1] meng- + (l;m;n;ng;ny;r;w;y;[t:n];[p:m];[k:ng];[s:ny]) + (-i;-kan)
80211.3,x,,[meng-:me-] + <nutulkan>,bentukan,[1] meng- + (l;m;n;ng;ny;r;w;y;[t:n];[p:m];[k:ng];[s:ny]) + (-i;-kan)
80211.4,x,,[meng-:me-] + <tutulkan>,bentukan,[1] meng- + (l;m;n;ng;ny;r;w;y;[t:n];[p:m];[k:ng];[s:ny]) + (-i;-kan)
80211.5,x,,<menutul> + -kan,bentukan,[29] [S] -kan + (<all>)
80211.6,x,,<menutulk> + -an,bentukan,[38] [S] -an + (<all>)
,,,,,
80212,k,2109,menutup,dasar,
80212.1,x,,[meng-:me-] + <nutup>,bentukan,[1] meng- + (l;m;n;ng;ny;r;w;y;[t:n];[p:m];[k:ng];[s:ny]) + (-i;-kan)
80212.2,v,,[meng-:me-] + <tutup>,bentukan,[1] meng- + (l;m;n;ng;ny;r;w;y;[t:n];[p:m];[k:ng];[s:ny]) + (-i;-kan)
,,,,,
80213,k,0,menutup buku,dasar,
80213.1,x,,[meng-:me-] + <nutup buku>,bentukan,[1] meng- + (l;m;n;ng;ny;r;w;y;[t:n];[p:m];[k:ng];[s:ny]) + (-i;-kan)
80213.2,x,,[meng-:me-] + <tutup buku>,bentukan,[1] meng- + (l;m;n;ng;ny;r;w;y;[t:n];[p:m];[k:ng];[s:ny]) + (-i;-kan)
80213.3,x,,<menutup bu> + -ku,bentukan,[32] [SFS] -ku + (<all>)
80213.4,x,,[meng-:me-] + <nutup bu> + -ku,bentukan,[1] meng- + (l;m;n;ng;ny;r;w;y;[t:n];[p:m];[k:ng];[s:ny]) + (-i;-kan) => [32] [SFS] -ku + (<all>)
80213.5,x,,[meng-:me-] + <tutup bu> + -ku,bentukan,[1] meng- + (l;m;n;ng;ny;r;w;y;[t:n];[p:m];[k:ng];[s:ny]) + (-i;-kan) => [32] [SFS] -ku + (<all>)
,,,,,
80214,k,0,menutup diri,dasar,
80214.1,x,,[meng-:me-] + <nutup dir> + -i,bentukan,[1] meng- + (l;m;n;ng;ny;r;w;y;[t:n];[p:m];[k:ng];[s:ny]) + (-i;-kan)
80214.2,x,,[meng-:me-] + <tutup dir> + -i,bentukan,[1] meng- + (l;m;n;ng;ny;r;w;y;[t:n];[p:m];[k:ng];[s:ny]) + (-i;-kan)
80214.3,x,,[meng-:me-] + <nutup diri>,bentukan,[1] meng- + (l;m;n;ng;ny;r;w;y;[t:n];[p:m];[k:ng];[s:ny]) + (-i;-kan)
80214.4,x,,[meng-:me-] + <tutup diri>,bentukan,[1] meng- + (l;m;n;ng;ny;r;w;y;[t:n];[p:m];[k:ng];[s:ny]) + (-i;-kan)
80214.5,x,,<menutup dir> + -i,bentukan,[28] [S] -i + (<all>)
,,,,,
80215,k,0,menutup mata,dasar,
80215.1,x,,[meng-:me-] + <nutup mata>,bentukan,[1] meng- + (l;m;n;ng;ny;r;w;y;[t:n];[p:m];[k:ng];[s:ny]) + (-i;-kan)
80215.2,x,,[meng-:me-] + <tutup mata>,bentukan,[1] meng- + (l;m;n;ng;ny;r;w;y;[t:n];[p:m];[k:ng];[s:ny]) + (-i;-kan)
,,,,,
80216,k,0,menutup meja,dasar,
80216.1,x,,[meng-:me-] + <nutup meja>,bentukan,[1] meng- + (l;m;n;ng;ny;r;w;y;[t:n];[p:m];[k:ng];[s:ny]) + (-i;-kan)
80216.2,x,,[meng-:me-] + <tutup meja>,bentukan,[1] meng- + (l;m;n;ng;ny;r;w;y;[t:n];[p:m];[k:ng];[s:ny]) + (-i;-kan)
,,,,,
80217,k,0,menutup mulut,dasar,
80217.1,x,,[meng-:me-] + <nutup mulut>,bentukan,[1] meng- + (l;m;n;ng;ny;r;w;y;[t:n];[p:m];[k:ng];[s:ny]) + (-i;-kan)
80217.2,x,,[meng-:me-] + <tutup mulut>,bentukan,[1] meng- + (l;m;n;ng;ny;r;w;y;[t:n];[p:m];[k:ng];[s:ny]) + (-i;-kan)
,,,,,
80218,k,0,menutup riwayat,dasar,
80218.1,x,,[meng-:me-] + <nutup riwayat>,bentukan,[1] meng- + (l;m;n;ng;ny;r;w;y;[t:n];[p:m];[k:ng];[s:ny]) + (-i;-kan)
80218.2,x,,[meng-:me-] + <tutup riwayat>,bentukan,[1] meng- + (l;m;n;ng;ny;r;w;y;[t:n];[p:m];[k:ng];[s:ny]) + (-i;-kan)
,,,,,
80219,k,0,menutup tangan,dasar,
80219.1,x,,[meng-:me-] + <nutup tangan>,bentukan,[1] meng- + (l;m;n;ng;ny;r;w;y;[t:n];[p:m];[k:ng];[s:ny]) + (-i;-kan)
80219.2,x,,[meng-:me-] + <tutup tangan>,bentukan,[1] meng- + (l;m;n;ng;ny;r;w;y;[t:n];[p:m];[k:ng];[s:ny]) + (-i;-kan)
80219.3,x,,<menutup tang> + -an,bentukan,[38] [S] -an + (<all>)
,,,,,
80220,v,55,menutup-nutupi,dasar,
80220.1,x,,[meng-:me-] + <nutup> [-] <r> + -i,bentukan,[1] meng- + (l;m;n;ng;ny;r;w;y;[t:n];[p:m];[k:ng];[s:ny]) + (-i;-kan) => [25] [RD] meng-|
80220.2,v,,[meng-:me-] + <tutup> [-] <r> + -i,bentukan,[1] meng- + (l;m;n;ng;ny;r;w;y;[t:n];[p:m];[k:ng];[s:ny]) + (-i;-kan) => [25] [RD] meng-|
,,,,,
80221,v,8,menutup-nutupinya,dasar,
80221.1,x,,[meng-:me-] + <nutup> [-] <r> + -inya,bentukan,[1] meng- + (l;m;n;ng;ny;r;w;y;[t:n];[p:m];[k:ng];[s:ny]) + (-i;-kan) => [25] [RD] meng-|
80221.2,x,,[meng-:me-] + <tutup> [-] <r> + -inya,bentukan,[1] meng- + (l;m;n;ng;ny;r;w;y;[t:n];[p:m];[k:ng];[s:ny]) + (-i;-kan) => [25] [RD] meng-|
80221.3,x,,[meng-:me-] + <nutup> [-] <r> + -i + -nya,bentukan,[1] meng- + (l;m;n;ng;ny;r;w;y;[t:n];[p:m];[k:ng];[s:ny]) + (-i;-kan) => [25] [RD] meng-| => [34] [SFS] -nya + (<all>)
80221.4,v,,[meng-:me-] + <tutup> [-] <r> + -i + -nya,bentukan,[1] meng- + (l;m;n;ng;ny;r;w;y;[t:n];[p:m];[k:ng];[s:ny]) + (-i;-kan) => [25] [RD] meng-| => [34] [SFS] -nya + (<all>)
,,,,,
80222,k,735,menutupi,dasar,
80222.1,x,,[meng-:me-] + <nutup> + -i,bentukan,[1] meng- + (l;m;n;ng;ny;r;w;y;[t:n];[p:m];[k:ng];[s:ny]) + (-i;-kan)
80222.2,v,,[meng-:me-] + <tutup> + -i,bentukan,[1] meng- + (l;m;n;ng;ny;r;w;y;[t:n];[p:m];[k:ng];[s:ny]) + (-i;-kan)
80222.3,x,,[meng-:me-] + <nutupi>,bentukan,[1] meng- + (l;m;n;ng;ny;r;w;y;[t:n];[p:m];[k:ng];[s:ny]) + (-i;-kan)
80222.4,x,,[meng-:me-] + <tutupi>,bentukan,[1] meng- + (l;m;n;ng;ny;r;w;y;[t:n];[p:m];[k:ng];[s:ny]) + (-i;-kan)
80222.5,x,,<menutup> + -i,bentukan,[28] [S] -i + (<all>)
,,,,,
80223,v,43,menutupinya,dasar,
80223.1,x,,[meng-:me-] + <nutupinya>,bentukan,[1] meng- + (l;m;n;ng;ny;r;w;y;[t:n];[p:m];[k:ng];[s:ny]) + (-i;-kan)
80223.2,x,,[meng-:me-] + <tutupinya>,bentukan,[1] meng- + (l;m;n;ng;ny;r;w;y;[t:n];[p:m];[k:ng];[s:ny]) + (-i;-kan)
80223.3,x,,<menutupi> + -nya,bentukan,[34] [SFS] -nya + (<all>)
80223.4,x,,[meng-:me-] + <nutup> + -i + -nya,bentukan,[1] meng- + (l;m;n;ng;ny;r;w;y;[t:n];[p:m];[k:ng];[s:ny]) + (-i;-kan) => [34] [SFS] -nya + (<all>)
80223.5,v,,[meng-:me-] + <tutup> + -i + -nya,bentukan,[1] meng- + (l;m;n;ng;ny;r;w;y;[t:n];[p:m];[k:ng];[s:ny]) + (-i;-kan) => [34] [SFS] -nya + (<all>)
80223.6,x,,[meng-:me-] + <nutupi> + -nya,bentukan,[1] meng- + (l;m;n;ng;ny;r;w;y;[t:n];[p:m];[k:ng];[s:ny]) + (-i;-kan) => [34] [SFS] -nya + (<all>)
80223.7,x,,[meng-:me-] + <tutupi> + -nya,bentukan,[1] meng- + (l;m;n;ng;ny;r;w;y;[t:n];[p:m];[k:ng];[s:ny]) + (-i;-kan) => [34] [SFS] -nya + (<all>)
80223.8,x,,<menutup> + -i + -nya,bentukan,[28] [S] -i + (<all>) => [34] [SFS] -nya + (<all>)
,,,,,
80224,k,19,menutupkan,dasar,
80224.1,x,,[meng-:me-] + <nutup> + -kan,bentukan,[1] meng- + (l;m;n;ng;ny;r;w;y;[t:n];[p:m];[k:ng];[s:ny]) + (-i;-kan)
80224.2,v,,[meng-:me-] + <tutup> + -kan,bentukan,[1] meng- + (l;m;n;ng;ny;r;w;y;[t:n];[p:m];[k:ng];[s:ny]) + (-i;-kan)
80224.3,x,,[meng-:me-] + <nutupkan>,bentukan,[1] meng- + (l;m;n;ng;ny;r;w;y;[t:n];[p:m];[k:ng];[s:ny]) + (-i;-kan)
80224.4,x,,[meng-:me-] + <tutupkan>,bentukan,[1] meng- + (l;m;n;ng;ny;r;w;y;[t:n];[p:m];[k:ng];[s:ny]) + (-i;-kan)
80224.5,x,,<menutup> + -kan,bentukan,[29] [S] -kan + (<all>)
80224.6,x,,<menutupk> + -an,bentukan,[38] [S] -an + (<all>)
,,,,,
80225,v,4,menutupkannya,dasar,
80225.1,x,,[meng-:me-] + <nutupkannya>,bentukan,[1] meng- + (l;m;n;ng;ny;r;w;y;[t:n];[p:m];[k:ng];[s:ny]) + (-i;-kan)
80225.2,x,,[meng-:me-] + <tutupkannya>,bentukan,[1] meng- + (l;m;n;ng;ny;r;w;y;[t:n];[p:m];[k:ng];[s:ny]) + (-i;-kan)
80225.3,x,,<menutupkan> + -nya,bentukan,[34] [SFS] -nya + (<all>)
80225.4,x,,[meng-:me-] + <nutup> + -kan + -nya,bentukan,[1] meng- + (l;m;n;ng;ny;r;w;y;[t:n];[p:m];[k:ng];[s:ny]) + (-i;-kan) => [34] [SFS] -nya + (<all>)
80225.5,v,,[meng-:me-] + <tutup> + -kan + -nya,bentukan,[1] meng- + (l;m;n;ng;ny;r;w;y;[t:n];[p:m];[k:ng];[s:ny]) + (-i;-kan) => [34] [SFS] -nya + (<all>)
80225.6,x,,[meng-:me-] + <nutupkan> + -nya,bentukan,[1] meng- + (l;m;n;ng;ny;r;w;y;[t:n];[p:m];[k:ng];[s:ny]) + (-i;-kan) => [34] [SFS] -nya + (<all>)
80225.7,x,,[meng-:me-] + <tutupkan> + -nya,bentukan,[1] meng- + (l;m;n;ng;ny;r;w;y;[t:n];[p:m];[k:ng];[s:ny]) + (-i;-kan) => [34] [SFS] -nya + (<all>)
80225.8,x,,<menutup> + -kan + -nya,bentukan,[29] [S] -kan + (<all>) => [34] [SFS] -nya + (<all>)
80225.9,x,,<menutupk> + -an + -nya,bentukan,[38] [S] -an + (<all>) => [34] [SFS] -nya + (<all>)
,,,,,
80226,v,66,menutupnya,dasar,
80226.1,x,,[meng-:me-] + <nutupnya>,bentukan,[1] meng- + (l;m;n;ng;ny;r;w;y;[t:n];[p:m];[k:ng];[s:ny]) + (-i;-kan)
80226.2,x,,[meng-:me-] + <tutupnya>,bentukan,[1] meng- + (l;m;n;ng;ny;r;w;y;[t:n];[p:m];[k:ng];[s:ny]) + (-i;-kan)
80226.3,x,,<menutup> + -nya,bentukan,[34] [SFS] -nya + (<all>)
80226.4,x,,[meng-:me-] + <nutup> + -nya,bentukan,[1] meng- + (l;m;n;ng;ny;r;w;y;[t:n];[p:m];[k:ng];[s:ny]) + (-i;-kan) => [34] [SFS] -nya + (<all>)
80226.5,v,,[meng-:me-] + <tutup> + -nya,bentukan,[1] meng- + (l;m;n;ng;ny;r;w;y;[t:n];[p:m];[k:ng];[s:ny]) + (-i;-kan) => [34] [SFS] -nya + (<all>)
,,,,,
80227,k,1127,menuturkan,dasar,
80227.1,x,,[meng-:me-] + <nutur> + -kan,bentukan,[1] meng- + (l;m;n;ng;ny;r;w;y;[t:n];[p:m];[k:ng];[s:ny]) + (-i;-kan)
80227.2,v,,[meng-:me-] + <tutur> + -kan,bentukan,[1] meng- + (l;m;n;ng;ny;r;w;y;[t:n];[p:m];[k:ng];[s:ny]) + (-i;-kan)
80227.3,x,,[meng-:me-] + <nuturkan>,bentukan,[1] meng- + (l;m;n;ng;ny;r;w;y;[t:n];[p:m];[k:ng];[s:ny]) + (-i;-kan)
80227.4,x,,[meng-:me-] + <tuturkan>,bentukan,[1] meng- + (l;m;n;ng;ny;r;w;y;[t:n];[p:m];[k:ng];[s:ny]) + (-i;-kan)
80227.5,x,,<menutur> + -kan,bentukan,[29] [S] -kan + (<all>)
80227.6,x,,<menuturk> + -an,bentukan,[38] [S] -an + (<all>)
,,,,,
80228,v,7,menuturkannya,dasar,
80228.1,x,,[meng-:me-] + <nuturkannya>,bentukan,[1] meng- + (l;m;n;ng;ny;r;w;y;[t:n];[p:m];[k:ng];[s:ny]) + (-i;-kan)
80228.2,x,,[meng-:me-] + <tuturkannya>,bentukan,[1] meng- + (l;m;n;ng;ny;r;w;y;[t:n];[p:m];[k:ng];[s:ny]) + (-i;-kan)
80228.3,x,,<menuturkan> + -nya,bentukan,[34] [SFS] -nya + (<all>)
80228.4,x,,[meng-:me-] + <nutur> + -kan + -nya,bentukan,[1] meng- + (l;m;n;ng;ny;r;w;y;[t:n];[p:m];[k:ng];[s:ny]) + (-i;-kan) => [34] [SFS] -nya + (<all>)
80228.5,v,,[meng-:me-] + <tutur> + -kan + -nya,bentukan,[1] meng- + (l;m;n;ng;ny;r;w;y;[t:n];[p:m];[k:ng];[s:ny]) + (-i;-kan) => [34] [SFS] -nya + (<all>)
80228.6,x,,[meng-:me-] + <nuturkan> + -nya,bentukan,[1] meng- + (l;m;n;ng;ny;r;w;y;[t:n];[p:m];[k:ng];[s:ny]) + (-i;-kan) => [34] [SFS] -nya + (<all>)
80228.7,x,,[meng-:me-] + <tuturkan> + -nya,bentukan,[1] meng- + (l;m;n;ng;ny;r;w;y;[t:n];[p:m];[k:ng];[s:ny]) + (-i;-kan) => [34] [SFS] -nya + (<all>)
80228.8,x,,<menutur> + -kan + -nya,bentukan,[29] [S] -kan + (<all>) => [34] [SFS] -nya + (<all>)
80228.9,x,,<menuturk> + -an + -nya,bentukan,[38] [S] -an + (<all>) => [34] [SFS] -nya + (<all>)
,,,,,
80229,k,0,menutus,dasar,
80229.1,x,,[meng-:me-] + <nutus>,bentukan,[1] meng- + (l;m;n;ng;ny;r;w;y;[t:n];[p:m];[k:ng];[s:ny]) + (-i;-kan)
80229.2,x,,[meng-:me-] + <tutus>,bentukan,[1] meng- + (l;m;n;ng;ny;r;w;y;[t:n];[p:m];[k:ng];[s:ny]) + (-i;-kan)
,,,,,
80230,k,0,menyaba,dasar,
80230.1,x,,[meng-:me-] + <nyaba>,bentukan,[1] meng- + (l;m;n;ng;ny;r;w;y;[t:n];[p:m];[k:ng];[s:ny]) + (-i;-kan)
80230.2,v,,[meng-:me-] + <saba>,bentukan,[1] meng- + (l;m;n;ng;ny;r;w;y;[t:n];[p:m];[k:ng];[s:ny]) + (-i;-kan)
,,,,,
80231,k,0,menyabak,dasar,
80231.1,x,,[meng-:me-] + <nyabak>,bentukan,[1] meng- + (l;m;n;ng;ny;r;w;y;[t:n];[p:m];[k:ng];[s:ny]) + (-i;-kan)
80231.2,v,,[meng-:me-] + <sabak>,bentukan,[1] meng- + (l;m;n;ng;ny;r;w;y;[t:n];[p:m];[k:ng];[s:ny]) + (-i;-kan)
,,,,,
80232,k,16,menyabarkan,dasar,
80232.1,x,,[meng-:me-] + <nyabar> + -kan,bentukan,[1] meng- + (l;m;n;ng;ny;r;w;y;[t:n];[p:m];[k:ng];[s:ny]) + (-i;-kan)
80232.2,v,,[meng-:me-] + <sabar> + -kan,bentukan,[1] meng- + (l;m;n;ng;ny;r;w;y;[t:n];[p:m];[k:ng];[s:ny]) + (-i;-kan)
80232.3,x,,[meng-:me-] + <nyabarkan>,bentukan,[1] meng- + (l;m;n;ng;ny;r;w;y;[t:n];[p:m];[k:ng];[s:ny]) + (-i;-kan)
80232.4,x,,[meng-:me-] + <sabarkan>,bentukan,[1] meng- + (l;m;n;ng;ny;r;w;y;[t:n];[p:m];[k:ng];[s:ny]) + (-i;-kan)
80232.5,x,,<menyabar> + -kan,bentukan,[29] [S] -kan + (<all>)
80232.6,x,,<menyabark> + -an,bentukan,[38] [S] -an + (<all>)
,,,,,
80233,k,0,menyabat,dasar,
80233.1,x,,[meng-:me-] + <nyabat>,bentukan,[1] meng- + (l;m;n;ng;ny;r;w;y;[t:n];[p:m];[k:ng];[s:ny]) + (-i;-kan)
80233.2,v,,[meng-:me-] + <sabat>,bentukan,[1] meng- + (l;m;n;ng;ny;r;w;y;[t:n];[p:m];[k:ng];[s:ny]) + (-i;-kan)
,,,,,
80234,k,0,menyabdakan,dasar,
80234.1,x,,[meng-:me-] + <nyabda> + -kan,bentukan,[1] meng- + (l;m;n;ng;ny;r;w;y;[t:n];[p:m];[k:ng];[s:ny]) + (-i;-kan)
80234.2,v,,[meng-:me-] + <sabda> + -kan,bentukan,[1] meng- + (l;m;n;ng;ny;r;w;y;[t:n];[p:m];[k:ng];[s:ny]) + (-i;-kan)
80234.3,x,,[meng-:me-] + <nyabdakan>,bentukan,[1] meng- + (l;m;n;ng;ny;r;w;y;[t:n];[p:m];[k:ng];[s:ny]) + (-i;-kan)
80234.4,x,,[meng-:me-] + <sabdakan>,bentukan,[1] meng- + (l;m;n;ng;ny;r;w;y;[t:n];[p:m];[k:ng];[s:ny]) + (-i;-kan)
80234.5,x,,<menyabda> + -kan,bentukan,[29] [S] -kan + (<all>)
80234.6,x,,<menyabdak> + -an,bentukan,[38] [S] -an + (<all>)
,,,,,
80235,k,147,menyabet,dasar,
80235.1,x,,[meng-:me-] + <nyabet>,bentukan,[1] meng- + (l;m;n;ng;ny;r;w;y;[t:n];[p:m];[k:ng];[s:ny]) + (-i;-kan)
80235.2,v,,[meng-:me-] + <sabet>,bentukan,[1] meng- + (l;m;n;ng;ny;r;w;y;[t:n];[p:m];[k:ng];[s:ny]) + (-i;-kan)
,,,,,
80236,v,7,menyabetkan,dasar,
80236.1,x,,[meng-:me-] + <nyabet> + -kan,bentukan,[1] meng- + (l;m;n;ng;ny;r;w;y;[t:n];[p:m];[k:ng];[s:ny]) + (-i;-kan)
80236.2,v,,[meng-:me-] + <sabet> + -kan,bentukan,[1] meng- + (l;m;n;ng;ny;r;w;y;[t:n];[p:m];[k:ng];[s:ny]) + (-i;-kan)
80236.3,x,,[meng-:me-] + <nyabetkan>,bentukan,[1] meng- + (l;m;n;ng;ny;r;w;y;[t:n];[p:m];[k:ng];[s:ny]) + (-i;-kan)
80236.4,x,,[meng-:me-] + <sabetkan>,bentukan,[1] meng- + (l;m;n;ng;ny;r;w;y;[t:n];[p:m];[k:ng];[s:ny]) + (-i;-kan)
80236.5,x,,<menyabet> + -kan,bentukan,[29] [S] -kan + (<all>)
80236.6,x,,<menyabetk> + -an,bentukan,[38] [S] -an + (<all>)
,,,,,
80237,k,18,menyabit,dasar,
80237.1,x,,[meng-:me-] + <nyabit>,bentukan,[1] meng- + (l;m;n;ng;ny;r;w;y;[t:n];[p:m];[k:ng];[s:ny]) + (-i;-kan)
80237.2,v,,[meng-:me-] + <sabit>,bentukan,[1] meng- + (l;m;n;ng;ny;r;w;y;[t:n];[p:m];[k:ng];[s:ny]) + (-i;-kan)
,,,,,
80238,k,0,menyabitkan,dasar,
80238.1,x,,[meng-:me-] + <nyabit> + -kan,bentukan,[1] meng- + (l;m;n;ng;ny;r;w;y;[t:n];[p:m];[k:ng];[s:ny]) + (-i;-kan)
80238.2,v,,[meng-:me-] + <sabit> + -kan,bentukan,[1] meng- + (l;m;n;ng;ny;r;w;y;[t:n];[p:m];[k:ng];[s:ny]) + (-i;-kan)
80238.3,x,,[meng-:me-] + <nyabitkan>,bentukan,[1] meng- + (l;m;n;ng;ny;r;w;y;[t:n];[p:m];[k:ng];[s:ny]) + (-i;-kan)
80238.4,x,,[meng-:me-] + <sabitkan>,bentukan,[1] meng- + (l;m;n;ng;ny;r;w;y;[t:n];[p:m];[k:ng];[s:ny]) + (-i;-kan)
80238.5,x,,<menyabit> + -kan,bentukan,[29] [S] -kan + (<all>)
80238.6,x,,<menyabitk> + -an,bentukan,[38] [S] -an + (<all>)
,,,,,
80239,k,2,menyablon,dasar,
80239.1,x,,[meng-:me-] + <nyablon>,bentukan,[1] meng- + (l;m;n;ng;ny;r;w;y;[t:n];[p:m];[k:ng];[s:ny]) + (-i;-kan)
80239.2,v,,[meng-:me-] + <sablon>,bentukan,[1] meng- + (l;m;n;ng;ny;r;w;y;[t:n];[p:m];[k:ng];[s:ny]) + (-i;-kan)
,,,,,
80240,k,5,menyabot,dasar,
80240.1,x,,[meng-:me-] + <nyabot>,bentukan,[1] meng- + (l;m;n;ng;ny;r;w;y;[t:n];[p:m];[k:ng];[s:ny]) + (-i;-kan)
80240.2,v,,[meng-:me-] + <sabot>,bentukan,[1] meng- + (l;m;n;ng;ny;r;w;y;[t:n];[p:m];[k:ng];[s:ny]) + (-i;-kan)
,,,,,
80241,k,13,menyabotase,dasar,
80241.1,x,,[meng-:me-] + <nyabotase>,bentukan,[1] meng- + (l;m;n;ng;ny;r;w;y;[t:n];[p:m];[k:ng];[s:ny]) + (-i;-kan)
80241.2,v,,[meng-:me-] + <sabotase>,bentukan,[1] meng- + (l;m;n;ng;ny;r;w;y;[t:n];[p:m];[k:ng];[s:ny]) + (-i;-kan)
80241.3,x,,<menyabot> + -ase,bentukan,[210] [S] -ase + (<all>)
,,,,,
80242,k,0,menyabuk,dasar,
80242.1,x,,[meng-:me-] + <nyabuk>,bentukan,[1] meng- + (l;m;n;ng;ny;r;w;y;[t:n];[p:m];[k:ng];[s:ny]) + (-i;-kan)
80242.2,v,,[meng-:me-] + <sabuk>,bentukan,[1] meng- + (l;m;n;ng;ny;r;w;y;[t:n];[p:m];[k:ng];[s:ny]) + (-i;-kan)
,,,,,
80243,k,2,menyabun,dasar,
80243.1,x,,[meng-:me-] + <nyabun>,bentukan,[1] meng- + (l;m;n;ng;ny;r;w;y;[t:n];[p:m];[k:ng];[s:ny]) + (-i;-kan)
80243.2,v,,[meng-:me-] + <sabun>,bentukan,[1] meng- + (l;m;n;ng;ny;r;w;y;[t:n];[p:m];[k:ng];[s:ny]) + (-i;-kan)
,,,,,
80244,k,11,menyabung,dasar,
80244.1,x,,[meng-:me-] + <nyabung>,bentukan,[1] meng- + (l;m;n;ng;ny;r;w;y;[t:n];[p:m];[k:ng];[s:ny]) + (-i;-kan)
80244.2,v,,[meng-:me-] + <sabung>,bentukan,[1] meng- + (l;m;n;ng;ny;r;w;y;[t:n];[p:m];[k:ng];[s:ny]) + (-i;-kan)
,,,,,
80245,k,0,menyabung jiwa,dasar,
80245.1,x,,[meng-:me-] + <nyabung jiwa>,bentukan,[1] meng- + (l;m;n;ng;ny;r;w;y;[t:n];[p:m];[k:ng];[s:ny]) + (-i;-kan)
80245.2,x,,[meng-:me-] + <sabung jiwa>,bentukan,[1] meng- + (l;m;n;ng;ny;r;w;y;[t:n];[p:m];[k:ng];[s:ny]) + (-i;-kan)
,,,,,
80246,k,0,menyabung nyawa,dasar,
80246.1,x,,[meng-:me-] + <nyabung nyawa>,bentukan,[1] meng- + (l;m;n;ng;ny;r;w;y;[t:n];[p:m];[k:ng];[s:ny]) + (-i;-kan)
80246.2,x,,[meng-:me-] + <sabung nyawa>,bentukan,[1] meng- + (l;m;n;ng;ny;r;w;y;[t:n];[p:m];[k:ng];[s:ny]) + (-i;-kan)
,,,,,
80247,k,0,menyabung untung,dasar,
80247.1,x,,[meng-:me-] + <nyabung untung>,bentukan,[1] meng- + (l;m;n;ng;ny;r;w;y;[t:n];[p:m];[k:ng];[s:ny]) + (-i;-kan)
80247.2,x,,[meng-:me-] + <sabung untung>,bentukan,[1] meng- + (l;m;n;ng;ny;r;w;y;[t:n];[p:m];[k:ng];[s:ny]) + (-i;-kan)
,,,,,
80248,k,0,menyabungkan,dasar,
80248.1,x,,[meng-:me-] + <nyabung> + -kan,bentukan,[1] meng- + (l;m;n;ng;ny;r;w;y;[t:n];[p:m];[k:ng];[s:ny]) + (-i;-kan)
80248.2,v,,[meng-:me-] + <sabung> + -kan,bentukan,[1] meng- + (l;m;n;ng;ny;r;w;y;[t:n];[p:m];[k:ng];[s:ny]) + (-i;-kan)
80248.3,x,,[meng-:me-] + <nyabungkan>,bentukan,[1] meng- + (l;m;n;ng;ny;r;w;y;[t:n];[p:m];[k:ng];[s:ny]) + (-i;-kan)
80248.4,x,,[meng-:me-] + <sabungkan>,bentukan,[1] meng- + (l;m;n;ng;ny;r;w;y;[t:n];[p:m];[k:ng];[s:ny]) + (-i;-kan)
80248.5,x,,<menyabung> + -kan,bentukan,[29] [S] -kan + (<all>)
80248.6,x,,<menyabungk> + -an,bentukan,[38] [S] -an + (<all>)
,,,,,
80249,k,6,menyabuni,dasar,
80249.1,x,,[meng-:me-] + <nyabun> + -i,bentukan,[1] meng- + (l;m;n;ng;ny;r;w;y;[t:n];[p:m];[k:ng];[s:ny]) + (-i;-kan)
80249.2,v,,[meng-:me-] + <sabun> + -i,bentukan,[1] meng- + (l;m;n;ng;ny;r;w;y;[t:n];[p:m];[k:ng];[s:ny]) + (-i;-kan)
80249.3,x,,[meng-:me-] + <nyabuni>,bentukan,[1] meng- + (l;m;n;ng;ny;r;w;y;[t:n];[p:m];[k:ng];[s:ny]) + (-i;-kan)
80249.4,x,,[meng-:me-] + <sabuni>,bentukan,[1] meng- + (l;m;n;ng;ny;r;w;y;[t:n];[p:m];[k:ng];[s:ny]) + (-i;-kan)
80249.5,x,,<menyabun> + -i,bentukan,[28] [S] -i + (<all>)
,,,,,
80250,k,0,menyabunkan,dasar,
80250.1,x,,[meng-:me-] + <nyabun> + -kan,bentukan,[1] meng- + (l;m;n;ng;ny;r;w;y;[t:n];[p:m];[k:ng];[s:ny]) + (-i;-kan)
80250.2,v,,[meng-:me-] + <sabun> + -kan,bentukan,[1] meng- + (l;m;n;ng;ny;r;w;y;[t:n];[p:m];[k:ng];[s:ny]) + (-i;-kan)
80250.3,x,,[meng-:me-] + <nyabunkan>,bentukan,[1] meng- + (l;m;n;ng;ny;r;w;y;[t:n];[p:m];[k:ng];[s:ny]) + (-i;-kan)
80250.4,x,,[meng-:me-] + <sabunkan>,bentukan,[1] meng- + (l;m;n;ng;ny;r;w;y;[t:n];[p:m];[k:ng];[s:ny]) + (-i;-kan)
80250.5,x,,<menyabun> + -kan,bentukan,[29] [S] -kan + (<all>)
80250.6,x,,<menyabunk> + -an,bentukan,[38] [S] -an + (<all>)
,,,,,
80251,k,0,menyabur,dasar,
80251.1,x,,[meng-:me-] + <nyabur>,bentukan,[1] meng- + (l;m;n;ng;ny;r;w;y;[t:n];[p:m];[k:ng];[s:ny]) + (-i;-kan)
80251.2,v,,[meng-:me-] + <sabur>,bentukan,[1] meng- + (l;m;n;ng;ny;r;w;y;[t:n];[p:m];[k:ng];[s:ny]) + (-i;-kan)
,,,,,
80252,k,0,menyaburkan,dasar,
80252.1,x,,[meng-:me-] + <nyabur> + -kan,bentukan,[1] meng- + (l;m;n;ng;ny;r;w;y;[t:n];[p:m];[k:ng];[s:ny]) + (-i;-kan)
80252.2,v,,[meng-:me-] + <sabur> + -kan,bentukan,[1] meng- + (l;m;n;ng;ny;r;w;y;[t:n];[p:m];[k:ng];[s:ny]) + (-i;-kan)
80252.3,x,,[meng-:me-] + <nyaburkan>,bentukan,[1] meng- + (l;m;n;ng;ny;r;w;y;[t:n];[p:m];[k:ng];[s:ny]) + (-i;-kan)
80252.4,x,,[meng-:me-] + <saburkan>,bentukan,[1] meng- + (l;m;n;ng;ny;r;w;y;[t:n];[p:m];[k:ng];[s:ny]) + (-i;-kan)
80252.5,x,,<menyabur> + -kan,bentukan,[29] [S] -kan + (<all>)
80252.6,x,,<menyaburk> + -an,bentukan,[38] [S] -an + (<all>)
,,,,,
80253,k,0,menyadaikan,dasar,
80253.1,x,,[meng-:me-] + <nyadai> + -kan,bentukan,[1] meng- + (l;m;n;ng;ny;r;w;y;[t:n];[p:m];[k:ng];[s:ny]) + (-i;-kan)
80253.2,v,,[meng-:me-] + <sadai> + -kan,bentukan,[1] meng- + (l;m;n;ng;ny;r;w;y;[t:n];[p:m];[k:ng];[s:ny]) + (-i;-kan)
80253.3,x,,[meng-:me-] + <nyadaikan>,bentukan,[1] meng- + (l;m;n;ng;ny;r;w;y;[t:n];[p:m];[k:ng];[s:ny]) + (-i;-kan)
80253.4,x,,[meng-:me-] + <sadaikan>,bentukan,[1] meng- + (l;m;n;ng;ny;r;w;y;[t:n];[p:m];[k:ng];[s:ny]) + (-i;-kan)
80253.5,x,,<menyadai> + -kan,bentukan,[29] [S] -kan + (<all>)
80253.6,x,,<menyadaik> + -an,bentukan,[38] [S] -an + (<all>)
,,,,,
80254,k,48,menyadap,dasar,
80254.1,x,,[meng-:me-] + <nyadap>,bentukan,[1] meng- + (l;m;n;ng;ny;r;w;y;[t:n];[p:m];[k:ng];[s:ny]) + (-i;-kan)
80254.2,v,,[meng-:me-] + <sadap>,bentukan,[1] meng- + (l;m;n;ng;ny;r;w;y;[t:n];[p:m];[k:ng];[s:ny]) + (-i;-kan)
,,,,,
80255,k,2,menyadar,dasar,
80255.1,x,,[meng-:me-] + <nyadar>,bentukan,[1] meng- + (l;m;n;ng;ny;r;w;y;[t:n];[p:m];[k:ng];[s:ny]) + (-i;-kan)
80255.2,v,,[meng-:me-] + <sadar>,bentukan,[1] meng- + (l;m;n;ng;ny;r;w;y;[t:n];[p:m];[k:ng];[s:ny]) + (-i;-kan)
,,,,,
80256,k,0,menyadar arwah,dasar,
80256.1,x,,[meng-:me-] + <nyadar arwah>,bentukan,[1] meng- + (l;m;n;ng;ny;r;w;y;[t:n];[p:m];[k:ng];[s:ny]) + (-i;-kan)
80256.2,x,,[meng-:me-] + <sadar arwah>,bentukan,[1] meng- + (l;m;n;ng;ny;r;w;y;[t:n];[p:m];[k:ng];[s:ny]) + (-i;-kan)
,,,,,
80257,k,1613,menyadari,dasar,
80257.1,x,,[meng-:me-] + <nyadar> + -i,bentukan,[1] meng- + (l;m;n;ng;ny;r;w;y;[t:n];[p:m];[k:ng];[s:ny]) + (-i;-kan)
80257.2,v,,[meng-:me-] + <sadar> + -i,bentukan,[1] meng- + (l;m;n;ng;ny;r;w;y;[t:n];[p:m];[k:ng];[s:ny]) + (-i;-kan)
80257.3,x,,[meng-:me-] + <nyadari>,bentukan,[1] meng- + (l;m;n;ng;ny;r;w;y;[t:n];[p:m];[k:ng];[s:ny]) + (-i;-kan)
80257.4,x,,[meng-:me-] + <sadari>,bentukan,[1] meng- + (l;m;n;ng;ny;r;w;y;[t:n];[p:m];[k:ng];[s:ny]) + (-i;-kan)
80257.5,x,,<menyadar> + -i,bentukan,[28] [S] -i + (<all>)
,,,,,
80258,v,95,menyadarinya,dasar,
80258.1,x,,[meng-:me-] + <nyadarinya>,bentukan,[1] meng- + (l;m;n;ng;ny;r;w;y;[t:n];[p:m];[k:ng];[s:ny]) + (-i;-kan)
80258.2,x,,[meng-:me-] + <sadarinya>,bentukan,[1] meng- + (l;m;n;ng;ny;r;w;y;[t:n];[p:m];[k:ng];[s:ny]) + (-i;-kan)
80258.3,x,,<menyadari> + -nya,bentukan,[34] [SFS] -nya + (<all>)
80258.4,x,,[meng-:me-] + <nyadar> + -i + -nya,bentukan,[1] meng- + (l;m;n;ng;ny;r;w;y;[t:n];[p:m];[k:ng];[s:ny]) + (-i;-kan) => [34] [SFS] -nya + (<all>)
80258.5,v,,[meng-:me-] + <sadar> + -i + -nya,bentukan,[1] meng- + (l;m;n;ng;ny;r;w;y;[t:n];[p:m];[k:ng];[s:ny]) + (-i;-kan) => [34] [SFS] -nya + (<all>)
80258.6,x,,[meng-:me-] + <nyadari> + -nya,bentukan,[1] meng- + (l;m;n;ng;ny;r;w;y;[t:n];[p:m];[k:ng];[s:ny]) + (-i;-kan) => [34] [SFS] -nya + (<all>)
80258.7,x,,[meng-:me-] + <sadari> + -nya,bentukan,[1] meng- + (l;m;n;ng;ny;r;w;y;[t:n];[p:m];[k:ng];[s:ny]) + (-i;-kan) => [34] [SFS] -nya + (<all>)
80258.8,x,,<menyadar> + -i + -nya,bentukan,[28] [S] -i + (<all>) => [34] [SFS] -nya + (<all>)
,,,,,
80259,k,254,menyadarkan,dasar,
80259.1,x,,[meng-:me-] + <nyadar> + -kan,bentukan,[1] meng- + (l;m;n;ng;ny;r;w;y;[t:n];[p:m];[k:ng];[s:ny]) + (-i;-kan)
80259.2,v,,[meng-:me-] + <sadar> + -kan,bentukan,[1] meng- + (l;m;n;ng;ny;r;w;y;[t:n];[p:m];[k:ng];[s:ny]) + (-i;-kan)
80259.3,x,,[meng-:me-] + <nyadarkan>,bentukan,[1] meng- + (l;m;n;ng;ny;r;w;y;[t:n];[p:m];[k:ng];[s:ny]) + (-i;-kan)
80259.4,x,,[meng-:me-] + <sadarkan>,bentukan,[1] meng- + (l;m;n;ng;ny;r;w;y;[t:n];[p:m];[k:ng];[s:ny]) + (-i;-kan)
80259.5,x,,<menyadar> + -kan,bentukan,[29] [S] -kan + (<all>)
80259.6,x,,<menyadark> + -an,bentukan,[38] [S] -an + (<all>)
,,,,,
80260,v,13,menyadarkanku,dasar,
80260.1,x,,[meng-:me-] + <nyadarkanku>,bentukan,[1] meng- + (l;m;n;ng;ny;r;w;y;[t:n];[p:m];[k:ng];[s:ny]) + (-i;-kan)
80260.2,x,,[meng-:me-] + <sadarkanku>,bentukan,[1] meng- + (l;m;n;ng;ny;r;w;y;[t:n];[p:m];[k:ng];[s:ny]) + (-i;-kan)
80260.3,x,,<menyadarkan> + -ku,bentukan,[32] [SFS] -ku + (<all>)
80260.4,x,,[meng-:me-] + <nyadar> + -kan + -ku,bentukan,[1] meng- + (l;m;n;ng;ny;r;w;y;[t:n];[p:m];[k:ng];[s:ny]) + (-i;-kan) => [32] [SFS] -ku + (<all>)
80260.5,v,,[meng-:me-] + <sadar> + -kan + -ku,bentukan,[1] meng- + (l;m;n;ng;ny;r;w;y;[t:n];[p:m];[k:ng];[s:ny]) + (-i;-kan) => [32] [SFS] -ku + (<all>)
80260.6,x,,[meng-:me-] + <nyadarkan> + -ku,bentukan,[1] meng- + (l;m;n;ng;ny;r;w;y;[t:n];[p:m];[k:ng];[s:ny]) + (-i;-kan) => [32] [SFS] -ku + (<all>)
80260.7,x,,[meng-:me-] + <sadarkan> + -ku,bentukan,[1] meng- + (l;m;n;ng;ny;r;w;y;[t:n];[p:m];[k:ng];[s:ny]) + (-i;-kan) => [32] [SFS] -ku + (<all>)
80260.8,x,,<menyadar> + -kan + -ku,bentukan,[29] [S] -kan + (<all>) => [32] [SFS] -ku + (<all>)
80260.9,x,,<menyadark> + -an + -ku,bentukan,[38] [S] -an + (<all>) => [32] [SFS] -ku + (<all>)
,,,,,
80261,v,4,menyadarkanmu,dasar,
80261.1,x,,[meng-:me-] + <nyadarkanmu>,bentukan,[1] meng- + (l;m;n;ng;ny;r;w;y;[t:n];[p:m];[k:ng];[s:ny]) + (-i;-kan)
80261.2,x,,[meng-:me-] + <sadarkanmu>,bentukan,[1] meng- + (l;m;n;ng;ny;r;w;y;[t:n];[p:m];[k:ng];[s:ny]) + (-i;-kan)
80261.3,x,,<menyadarkan> + -mu,bentukan,[33] [SFS] -mu + (<all>)
80261.4,x,,[meng-:me-] + <nyadar> + -kan + -mu,bentukan,[1] meng- + (l;m;n;ng;ny;r;w;y;[t:n];[p:m];[k:ng];[s:ny]) + (-i;-kan) => [33] [SFS] -mu + (<all>)
80261.5,v,,[meng-:me-] + <sadar> + -kan + -mu,bentukan,[1] meng- + (l;m;n;ng;ny;r;w;y;[t:n];[p:m];[k:ng];[s:ny]) + (-i;-kan) => [33] [SFS] -mu + (<all>)
80261.6,x,,[meng-:me-] + <nyadarkan> + -mu,bentukan,[1] meng- + (l;m;n;ng;ny;r;w;y;[t:n];[p:m];[k:ng];[s:ny]) + (-i;-kan) => [33] [SFS] -mu + (<all>)
80261.7,x,,[meng-:me-] + <sadarkan> + -mu,bentukan,[1] meng- + (l;m;n;ng;ny;r;w;y;[t:n];[p:m];[k:ng];[s:ny]) + (-i;-kan) => [33] [SFS] -mu + (<all>)
80261.8,x,,<menyadar> + -kan + -mu,bentukan,[29] [S] -kan + (<all>) => [33] [SFS] -mu + (<all>)
80261.9,x,,<menyadark> + -an + -mu,bentukan,[38] [S] -an + (<all>) => [33] [SFS] -mu + (<all>)
,,,,,
80262,v,14,menyadarkannya,dasar,
80262.1,x,,[meng-:me-] + <nyadarkannya>,bentukan,[1] meng- + (l;m;n;ng;ny;r;w;y;[t:n];[p:m];[k:ng];[s:ny]) + (-i;-kan)
80262.2,x,,[meng-:me-] + <sadarkannya>,bentukan,[1] meng- + (l;m;n;ng;ny;r;w;y;[t:n];[p:m];[k:ng];[s:ny]) + (-i;-kan)
80262.3,x,,<menyadarkan> + -nya,bentukan,[34] [SFS] -nya + (<all>)
80262.4,x,,[meng-:me-] + <nyadar> + -kan + -nya,bentukan,[1] meng- + (l;m;n;ng;ny;r;w;y;[t:n];[p:m];[k:ng];[s:ny]) + (-i;-kan) => [34] [SFS] -nya + (<all>)
80262.5,v,,[meng-:me-] + <sadar> + -kan + -nya,bentukan,[1] meng- + (l;m;n;ng;ny;r;w;y;[t:n];[p:m];[k:ng];[s:ny]) + (-i;-kan) => [34] [SFS] -nya + (<all>)
80262.6,x,,[meng-:me-] + <nyadarkan> + -nya,bentukan,[1] meng- + (l;m;n;ng;ny;r;w;y;[t:n];[p:m];[k:ng];[s:ny]) + (-i;-kan) => [34] [SFS] -nya + (<all>)
80262.7,x,,[meng-:me-] + <sadarkan> + -nya,bentukan,[1] meng- + (l;m;n;ng;ny;r;w;y;[t:n];[p:m];[k:ng];[s:ny]) + (-i;-kan) => [34] [SFS] -nya + (<all>)
80262.8,x,,<menyadar> + -kan + -nya,bentukan,[29] [S] -kan + (<all>) => [34] [SFS] -nya + (<all>)
80262.9,x,,<menyadark> + -an + -nya,bentukan,[38] [S] -an + (<all>) => [34] [SFS] -nya + (<all>)
,,,,,
80263,k,0,menyadau,dasar,
80263.1,x,,[meng-:me-] + <nyadau>,bentukan,[1] meng- + (l;m;n;ng;ny;r;w;y;[t:n];[p:m];[k:ng];[s:ny]) + (-i;-kan)
80263.2,v,,[meng-:me-] + <sadau>,bentukan,[1] meng- + (l;m;n;ng;ny;r;w;y;[t:n];[p:m];[k:ng];[s:ny]) + (-i;-kan)
,,,,,
80264,k,0,menyadikkan,dasar,
80264.1,x,,[meng-:me-] + <nyadik> + -kan,bentukan,[1] meng- + (l;m;n;ng;ny;r;w;y;[t:n];[p:m];[k:ng];[s:ny]) + (-i;-kan)
80264.2,v,,[meng-:me-] + <sadik> + -kan,bentukan,[1] meng- + (l;m;n;ng;ny;r;w;y;[t:n];[p:m];[k:ng];[s:ny]) + (-i;-kan)
80264.3,x,,[meng-:me-] + <nyadikkan>,bentukan,[1] meng- + (l;m;n;ng;ny;r;w;y;[t:n];[p:m];[k:ng];[s:ny]) + (-i;-kan)
80264.4,x,,[meng-:me-] + <sadikkan>,bentukan,[1] meng- + (l;m;n;ng;ny;r;w;y;[t:n];[p:m];[k:ng];[s:ny]) + (-i;-kan)
80264.5,x,,<menyadik> + -kan,bentukan,[29] [S] -kan + (<all>)
80264.6,x,,<menyadikk> + -an,bentukan,[38] [S] -an + (<all>)
,,,,,
80265,k,0,menyadran,dasar,
80265.1,x,,[meng-:me-] + <nyadran>,bentukan,[1] meng- + (l;m;n;ng;ny;r;w;y;[t:n];[p:m];[k:ng];[s:ny]) + (-i;-kan)
80265.2,v,,[meng-:me-] + <sadran>,bentukan,[1] meng- + (l;m;n;ng;ny;r;w;y;[t:n];[p:m];[k:ng];[s:ny]) + (-i;-kan)
80265.3,x,,<menyadr> + -an,bentukan,[38] [S] -an + (<all>)
,,,,,
80266,k,15,menyadur,dasar,
80266.1,x,,[meng-:me-] + <nyadur>,bentukan,[1] meng- + (l;m;n;ng;ny;r;w;y;[t:n];[p:m];[k:ng];[s:ny]) + (-i;-kan)
80266.2,v,,[meng-:me-] + <sadur>,bentukan,[1] meng- + (l;m;n;ng;ny;r;w;y;[t:n];[p:m];[k:ng];[s:ny]) + (-i;-kan)
,,,,,
80267,k,0,menyafarikan,dasar,
80267.1,x,,[meng-:me-] + <nyafari> + -kan,bentukan,[1] meng- + (l;m;n;ng;ny;r;w;y;[t:n];[p:m];[k:ng];[s:ny]) + (-i;-kan)
80267.2,v,,[meng-:me-] + <safari> + -kan,bentukan,[1] meng- + (l;m;n;ng;ny;r;w;y;[t:n];[p:m];[k:ng];[s:ny]) + (-i;-kan)
80267.3,x,,[meng-:me-] + <nyafarikan>,bentukan,[1] meng- + (l;m;n;ng;ny;r;w;y;[t:n];[p:m];[k:ng];[s:ny]) + (-i;-kan)
80267.4,x,,[meng-:me-] + <safarikan>,bentukan,[1] meng- + (l;m;n;ng;ny;r;w;y;[t:n];[p:m];[k:ng];[s:ny]) + (-i;-kan)
80267.5,x,,<menyafari> + -kan,bentukan,[29] [S] -kan + (<all>)
80267.6,x,,<menyafarik> + -an,bentukan,[38] [S] -an + (<all>)
,,,,,
80268,k,0,menyagang,dasar,
80268.1,x,,[meng-:me-] + <nyagang>,bentukan,[1] meng- + (l;m;n;ng;ny;r;w;y;[t:n];[p:m];[k:ng];[s:ny]) + (-i;-kan)
80268.2,v,,[meng-:me-] + <sagang>,bentukan,[1] meng- + (l;m;n;ng;ny;r;w;y;[t:n];[p:m];[k:ng];[s:ny]) + (-i;-kan)
,,,,,
80269,k,0,menyagar,dasar,
80269.1,x,,[meng-:me-] + <nyagar>,bentukan,[1] meng- + (l;m;n;ng;ny;r;w;y;[t:n];[p:m];[k:ng];[s:ny]) + (-i;-kan)
80269.2,v,,[meng-:me-] + <sagar>,bentukan,[1] meng- + (l;m;n;ng;ny;r;w;y;[t:n];[p:m];[k:ng];[s:ny]) + (-i;-kan)
,,,,,
80270,k,0,menyagu,dasar,
80270.1,x,,[meng-:me-] + <nyagu>,bentukan,[1] meng- + (l;m;n;ng;ny;r;w;y;[t:n];[p:m];[k:ng];[s:ny]) + (-i;-kan)
80270.2,v,,[meng-:me-] + <sagu>,bentukan,[1] meng- + (l;m;n;ng;ny;r;w;y;[t:n];[p:m];[k:ng];[s:ny]) + (-i;-kan)
,,,,,
80271,k,0,menyahaja,dasar,
80271.1,x,,[meng-:me-] + <nyahaja>,bentukan,[1] meng- + (l;m;n;ng;ny;r;w;y;[t:n];[p:m];[k:ng];[s:ny]) + (-i;-kan)
80271.2,v,,[meng-:me-] + <sahaja>,bentukan,[1] meng- + (l;m;n;ng;ny;r;w;y;[t:n];[p:m];[k:ng];[s:ny]) + (-i;-kan)
,,,,,
80272,k,0,menyahajakan,dasar,
80272.1,x,,[meng-:me-] + <nyahaja> + -kan,bentukan,[1] meng- + (l;m;n;ng;ny;r;w;y;[t:n];[p:m];[k:ng];[s:ny]) + (-i;-kan)
80272.2,v,,[meng-:me-] + <sahaja> + -kan,bentukan,[1] meng- + (l;m;n;ng;ny;r;w;y;[t:n];[p:m];[k:ng];[s:ny]) + (-i;-kan)
80272.3,x,,[meng-:me-] + <nyahajakan>,bentukan,[1] meng- + (l;m;n;ng;ny;r;w;y;[t:n];[p:m];[k:ng];[s:ny]) + (-i;-kan)
80272.4,x,,[meng-:me-] + <sahajakan>,bentukan,[1] meng- + (l;m;n;ng;ny;r;w;y;[t:n];[p:m];[k:ng];[s:ny]) + (-i;-kan)
80272.5,x,,<menyahaja> + -kan,bentukan,[29] [S] -kan + (<all>)
80272.6,x,,<menyahajak> + -an,bentukan,[38] [S] -an + (<all>)
,,,,,
80273,k,0,menyahap,dasar,
80273.1,x,,[meng-:me-] + <nyahap>,bentukan,[1] meng- + (l;m;n;ng;ny;r;w;y;[t:n];[p:m];[k:ng];[s:ny]) + (-i;-kan)
80273.2,v,,[meng-:me-] + <sahap>,bentukan,[1] meng- + (l;m;n;ng;ny;r;w;y;[t:n];[p:m];[k:ng];[s:ny]) + (-i;-kan)
,,,,,
80274,k,0,menyahihkan,dasar,
80274.1,x,,[meng-:me-] + <nyahih> + -kan,bentukan,[1] meng- + (l;m;n;ng;ny;r;w;y;[t:n];[p:m];[k:ng];[s:ny]) + (-i;-kan)
80274.2,v,,[meng-:me-] + <sahih> + -kan,bentukan,[1] meng- + (l;m;n;ng;ny;r;w;y;[t:n];[p:m];[k:ng];[s:ny]) + (-i;-kan)
80274.3,x,,[meng-:me-] + <nyahihkan>,bentukan,[1] meng- + (l;m;n;ng;ny;r;w;y;[t:n];[p:m];[k:ng];[s:ny]) + (-i;-kan)
80274.4,x,,[meng-:me-] + <sahihkan>,bentukan,[1] meng- + (l;m;n;ng;ny;r;w;y;[t:n];[p:m];[k:ng];[s:ny]) + (-i;-kan)
80274.5,x,,<menyahih> + -kan,bentukan,[29] [S] -kan + (<all>)
80274.6,x,,<menyahihk> + -an,bentukan,[38] [S] -an + (<all>)
,,,,,
80275,k,142,menyahut,dasar,
80275.1,x,,[meng-:me-] + <nyahut>,bentukan,[1] meng- + (l;m;n;ng;ny;r;w;y;[t:n];[p:m];[k:ng];[s:ny]) + (-i;-kan)
80275.2,v,,[meng-:me-] + <sahut>,bentukan,[1] meng- + (l;m;n;ng;ny;r;w;y;[t:n];[p:m];[k:ng];[s:ny]) + (-i;-kan)
,,,,,
80276,k,11,menyahuti,dasar,
80276.1,x,,[meng-:me-] + <nyahut> + -i,bentukan,[1] meng- + (l;m;n;ng;ny;r;w;y;[t:n];[p:m];[k:ng];[s:ny]) + (-i;-kan)
80276.2,v,,[meng-:me-] + <sahut> + -i,bentukan,[1] meng- + (l;m;n;ng;ny;r;w;y;[t:n];[p:m];[k:ng];[s:ny]) + (-i;-kan)
80276.3,x,,[meng-:me-] + <nyahuti>,bentukan,[1] meng- + (l;m;n;ng;ny;r;w;y;[t:n];[p:m];[k:ng];[s:ny]) + (-i;-kan)
80276.4,x,,[meng-:me-] + <sahuti>,bentukan,[1] meng- + (l;m;n;ng;ny;r;w;y;[t:n];[p:m];[k:ng];[s:ny]) + (-i;-kan)
80276.5,x,,<menyahut> + -i,bentukan,[28] [S] -i + (<all>)
,,,,,
80277,v,5,menyahutinya,dasar,
80277.1,x,,[meng-:me-] + <nyahutinya>,bentukan,[1] meng- + (l;m;n;ng;ny;r;w;y;[t:n];[p:m];[k:ng];[s:ny]) + (-i;-kan)
80277.2,x,,[meng-:me-] + <sahutinya>,bentukan,[1] meng- + (l;m;n;ng;ny;r;w;y;[t:n];[p:m];[k:ng];[s:ny]) + (-i;-kan)
80277.3,x,,<menyahuti> + -nya,bentukan,[34] [SFS] -nya + (<all>)
80277.4,x,,[meng-:me-] + <nyahut> + -i + -nya,bentukan,[1] meng- + (l;m;n;ng;ny;r;w;y;[t:n];[p:m];[k:ng];[s:ny]) + (-i;-kan) => [34] [SFS] -nya + (<all>)
80277.5,v,,[meng-:me-] + <sahut> + -i + -nya,bentukan,[1] meng- + (l;m;n;ng;ny;r;w;y;[t:n];[p:m];[k:ng];[s:ny]) + (-i;-kan) => [34] [SFS] -nya + (<all>)
80277.6,x,,[meng-:me-] + <nyahuti> + -nya,bentukan,[1] meng- + (l;m;n;ng;ny;r;w;y;[t:n];[p:m];[k:ng];[s:ny]) + (-i;-kan) => [34] [SFS] -nya + (<all>)
80277.7,x,,[meng-:me-] + <sahuti> + -nya,bentukan,[1] meng- + (l;m;n;ng;ny;r;w;y;[t:n];[p:m];[k:ng];[s:ny]) + (-i;-kan) => [34] [SFS] -nya + (<all>)
80277.8,x,,<menyahut> + -i + -nya,bentukan,[28] [S] -i + (<all>) => [34] [SFS] -nya + (<all>)
,,,,,
80278,v,2,menyahutlah,dasar,
80278.1,x,,[meng-:me-] + <nyahutlah>,bentukan,[1] meng- + (l;m;n;ng;ny;r;w;y;[t:n];[p:m];[k:ng];[s:ny]) + (-i;-kan)
80278.2,x,,[meng-:me-] + <sahutlah>,bentukan,[1] meng- + (l;m;n;ng;ny;r;w;y;[t:n];[p:m];[k:ng];[s:ny]) + (-i;-kan)
80278.3,x,,<menyahut> + -lah,bentukan,[31] [FS] -lah + (<all>)
80278.4,x,,[meng-:me-] + <nyahut> + -lah,bentukan,[1] meng- + (l;m;n;ng;ny;r;w;y;[t:n];[p:m];[k:ng];[s:ny]) + (-i;-kan) => [31] [FS] -lah + (<all>)
80278.5,v,,[meng-:me-] + <sahut> + -lah,bentukan,[1] meng- + (l;m;n;ng;ny;r;w;y;[t:n];[p:m];[k:ng];[s:ny]) + (-i;-kan) => [31] [FS] -lah + (<all>)
,,,,,
80279,k,96,menyaingi,dasar,
80279.1,x,,[meng-:me-] + <nyaing> + -i,bentukan,[1] meng- + (l;m;n;ng;ny;r;w;y;[t:n];[p:m];[k:ng];[s:ny]) + (-i;-kan)
80279.2,v,,[meng-:me-] + <saing> + -i,bentukan,[1] meng- + (l;m;n;ng;ny;r;w;y;[t:n];[p:m];[k:ng];[s:ny]) + (-i;-kan)
80279.3,x,,[meng-:me-] + <nyaingi>,bentukan,[1] meng- + (l;m;n;ng;ny;r;w;y;[t:n];[p:m];[k:ng];[s:ny]) + (-i;-kan)
80279.4,x,,[meng-:me-] + <saingi>,bentukan,[1] meng- + (l;m;n;ng;ny;r;w;y;[t:n];[p:m];[k:ng];[s:ny]) + (-i;-kan)
80279.5,x,,<menyaing> + -i,bentukan,[28] [S] -i + (<all>)
,,,,,
80280,v,4,menyainginya,dasar,
80280.1,x,,[meng-:me-] + <nyainginya>,bentukan,[1] meng- + (l;m;n;ng;ny;r;w;y;[t:n];[p:m];[k:ng];[s:ny]) + (-i;-kan)
80280.2,x,,[meng-:me-] + <sainginya>,bentukan,[1] meng- + (l;m;n;ng;ny;r;w;y;[t:n];[p:m];[k:ng];[s:ny]) + (-i;-kan)
80280.3,x,,<menyaingi> + -nya,bentukan,[34] [SFS] -nya + (<all>)
80280.4,x,,[meng-:me-] + <nyaing> + -i + -nya,bentukan,[1] meng- + (l;m;n;ng;ny;r;w;y;[t:n];[p:m];[k:ng];[s:ny]) + (-i;-kan) => [34] [SFS] -nya + (<all>)
80280.5,v,,[meng-:me-] + <saing> + -i + -nya,bentukan,[1] meng- + (l;m;n;ng;ny;r;w;y;[t:n];[p:m];[k:ng];[s:ny]) + (-i;-kan) => [34] [SFS] -nya + (<all>)
80280.6,x,,[meng-:me-] + <nyaingi> + -nya,bentukan,[1] meng- + (l;m;n;ng;ny;r;w;y;[t:n];[p:m];[k:ng];[s:ny]) + (-i;-kan) => [34] [SFS] -nya + (<all>)
80280.7,x,,[meng-:me-] + <saingi> + -nya,bentukan,[1] meng- + (l;m;n;ng;ny;r;w;y;[t:n];[p:m];[k:ng];[s:ny]) + (-i;-kan) => [34] [SFS] -nya + (<all>)
80280.8,x,,<menyaing> + -i + -nya,bentukan,[28] [S] -i + (<all>) => [34] [SFS] -nya + (<all>)
,,,,,
80281,t,2,menyair,dasar,mensyair
80281.1,x,,[meng-:me-] + <nyair>,bentukan,[1] meng- + (l;m;n;ng;ny;r;w;y;[t:n];[p:m];[k:ng];[s:ny]) + (-i;-kan)
80281.2,x,,[meng-:me-] + <sair>,bentukan,[1] meng- + (l;m;n;ng;ny;r;w;y;[t:n];[p:m];[k:ng];[s:ny]) + (-i;-kan)
,,,,,
80282,k,0,menyajak,dasar,
80282.1,x,,[meng-:me-] + <nyajak>,bentukan,[1] meng- + (l;m;n;ng;ny;r;w;y;[t:n];[p:m];[k:ng];[s:ny]) + (-i;-kan)
80282.2,v,,[meng-:me-] + <sajak>,bentukan,[1] meng- + (l;m;n;ng;ny;r;w;y;[t:n];[p:m];[k:ng];[s:ny]) + (-i;-kan)
,,,,,
80283,k,0,menyajakkan,dasar,
80283.1,x,,[meng-:me-] + <nyajak> + -kan,bentukan,[1] meng- + (l;m;n;ng;ny;r;w;y;[t:n];[p:m];[k:ng];[s:ny]) + (-i;-kan)
80283.2,v,,[meng-:me-] + <sajak> + -kan,bentukan,[1] meng- + (l;m;n;ng;ny;r;w;y;[t:n];[p:m];[k:ng];[s:ny]) + (-i;-kan)
80283.3,x,,[meng-:me-] + <nyajakkan>,bentukan,[1] meng- + (l;m;n;ng;ny;r;w;y;[t:n];[p:m];[k:ng];[s:ny]) + (-i;-kan)
80283.4,x,,[meng-:me-] + <sajakkan>,bentukan,[1] meng- + (l;m;n;ng;ny;r;w;y;[t:n];[p:m];[k:ng];[s:ny]) + (-i;-kan)
80283.5,x,,<menyajak> + -kan,bentukan,[29] [S] -kan + (<all>)
80283.6,x,,<menyajakk> + -an,bentukan,[38] [S] -an + (<all>)
,,,,,
80284,v,6,menyaji,dasar,
80284.1,x,,[meng-:me-] + <nyaj> + -i,bentukan,[1] meng- + (l;m;n;ng;ny;r;w;y;[t:n];[p:m];[k:ng];[s:ny]) + (-i;-kan)
80284.2,x,,[meng-:me-] + <saj> + -i,bentukan,[1] meng- + (l;m;n;ng;ny;r;w;y;[t:n];[p:m];[k:ng];[s:ny]) + (-i;-kan)
80284.3,x,,[meng-:me-] + <nyaji>,bentukan,[1] meng- + (l;m;n;ng;ny;r;w;y;[t:n];[p:m];[k:ng];[s:ny]) + (-i;-kan)
80284.4,v,,[meng-:me-] + <saji>,bentukan,[1] meng- + (l;m;n;ng;ny;r;w;y;[t:n];[p:m];[k:ng];[s:ny]) + (-i;-kan)
80284.5,x,,<menyaj> + -i,bentukan,[28] [S] -i + (<all>)
,,,,,
80285,k,914,menyajikan,dasar,
80285.1,x,,[meng-:me-] + <nyaji> + -kan,bentukan,[1] meng- + (l;m;n;ng;ny;r;w;y;[t:n];[p:m];[k:ng];[s:ny]) + (-i;-kan)
80285.2,v,,[meng-:me-] + <saji> + -kan,bentukan,[1] meng- + (l;m;n;ng;ny;r;w;y;[t:n];[p:m];[k:ng];[s:ny]) + (-i;-kan)
80285.3,x,,[meng-:me-] + <nyajikan>,bentukan,[1] meng- + (l;m;n;ng;ny;r;w;y;[t:n];[p:m];[k:ng];[s:ny]) + (-i;-kan)
80285.4,x,,[meng-:me-] + <sajikan>,bentukan,[1] meng- + (l;m;n;ng;ny;r;w;y;[t:n];[p:m];[k:ng];[s:ny]) + (-i;-kan)
80285.5,x,,<menyaji> + -kan,bentukan,[29] [S] -kan + (<all>)
80285.6,x,,<menyajik> + -an,bentukan,[38] [S] -an + (<all>)
,,,,,
80286,v,30,menyajikannya,dasar,
80286.1,x,,[meng-:me-] + <nyajikannya>,bentukan,[1] meng- + (l;m;n;ng;ny;r;w;y;[t:n];[p:m];[k:ng];[s:ny]) + (-i;-kan)
80286.2,x,,[meng-:me-] + <sajikannya>,bentukan,[1] meng- + (l;m;n;ng;ny;r;w;y;[t:n];[p:m];[k:ng];[s:ny]) + (-i;-kan)
80286.3,x,,<menyajikan> + -nya,bentukan,[34] [SFS] -nya + (<all>)
80286.4,x,,[meng-:me-] + <nyaji> + -kan + -nya,bentukan,[1] meng- + (l;m;n;ng;ny;r;w;y;[t:n];[p:m];[k:ng];[s:ny]) + (-i;-kan) => [34] [SFS] -nya + (<all>)
80286.5,v,,[meng-:me-] + <saji> + -kan + -nya,bentukan,[1] meng- + (l;m;n;ng;ny;r;w;y;[t:n];[p:m];[k:ng];[s:ny]) + (-i;-kan) => [34] [SFS] -nya + (<all>)
80286.6,x,,[meng-:me-] + <nyajikan> + -nya,bentukan,[1] meng- + (l;m;n;ng;ny;r;w;y;[t:n];[p:m];[k:ng];[s:ny]) + (-i;-kan) => [34] [SFS] -nya + (<all>)
80286.7,x,,[meng-:me-] + <sajikan> + -nya,bentukan,[1] meng- + (l;m;n;ng;ny;r;w;y;[t:n];[p:m];[k:ng];[s:ny]) + (-i;-kan) => [34] [SFS] -nya + (<all>)
80286.8,x,,<menyaji> + -kan + -nya,bentukan,[29] [S] -kan + (<all>) => [34] [SFS] -nya + (<all>)
80286.9,x,,<menyajik> + -an + -nya,bentukan,[38] [S] -an + (<all>) => [34] [SFS] -nya + (<all>)
,,,,,
80287,k,0,menyakal,dasar,
80287.1,x,,[meng-:me-] + <nyakal>,bentukan,[1] meng- + (l;m;n;ng;ny;r;w;y;[t:n];[p:m];[k:ng];[s:ny]) + (-i;-kan)
80287.2,v,,[meng-:me-] + <sakal>,bentukan,[1] meng- + (l;m;n;ng;ny;r;w;y;[t:n];[p:m];[k:ng];[s:ny]) + (-i;-kan)
,,,,,
80288,k,0,menyakap,dasar,
80288.1,x,,[meng-:me-] + <nyakap>,bentukan,[1] meng- + (l;m;n;ng;ny;r;w;y;[t:n];[p:m];[k:ng];[s:ny]) + (-i;-kan)
80288.2,v,,[meng-:me-] + <sakap>,bentukan,[1] meng- + (l;m;n;ng;ny;r;w;y;[t:n];[p:m];[k:ng];[s:ny]) + (-i;-kan)
,,,,,
80289,k,0,menyakar,dasar,
80289.1,x,,[meng-:me-] + <nyakar>,bentukan,[1] meng- + (l;m;n;ng;ny;r;w;y;[t:n];[p:m];[k:ng];[s:ny]) + (-i;-kan)
80289.2,v,,[meng-:me-] + <sakar>,bentukan,[1] meng- + (l;m;n;ng;ny;r;w;y;[t:n];[p:m];[k:ng];[s:ny]) + (-i;-kan)
,,,,,
80290,k,0,menyakat,dasar,
80290.1,x,,[meng-:me-] + <nyakat>,bentukan,[1] meng- + (l;m;n;ng;ny;r;w;y;[t:n];[p:m];[k:ng];[s:ny]) + (-i;-kan)
80290.2,v,,[meng-:me-] + <sakat>,bentukan,[1] meng- + (l;m;n;ng;ny;r;w;y;[t:n];[p:m];[k:ng];[s:ny]) + (-i;-kan)
,,,,,
80291,k,0,menyakatkan,dasar,
80291.1,x,,[meng-:me-] + <nyakat> + -kan,bentukan,[1] meng- + (l;m;n;ng;ny;r;w;y;[t:n];[p:m];[k:ng];[s:ny]) + (-i;-kan)
80291.2,v,,[meng-:me-] + <sakat> + -kan,bentukan,[1] meng- + (l;m;n;ng;ny;r;w;y;[t:n];[p:m];[k:ng];[s:ny]) + (-i;-kan)
80291.3,x,,[meng-:me-] + <nyakatkan>,bentukan,[1] meng- + (l;m;n;ng;ny;r;w;y;[t:n];[p:m];[k:ng];[s:ny]) + (-i;-kan)
80291.4,x,,[meng-:me-] + <sakatkan>,bentukan,[1] meng- + (l;m;n;ng;ny;r;w;y;[t:n];[p:m];[k:ng];[s:ny]) + (-i;-kan)
80291.5,x,,<menyakat> + -kan,bentukan,[29] [S] -kan + (<all>)
80291.6,x,,<menyakatk> + -an,bentukan,[38] [S] -an + (<all>)
,,,,,
80292,k,252,menyakiti,dasar,
80292.1,x,,[meng-:me-] + <nyakit> + -i,bentukan,[1] meng- + (l;m;n;ng;ny;r;w;y;[t:n];[p:m];[k:ng];[s:ny]) + (-i;-kan)
80292.2,v,,[meng-:me-] + <sakit> + -i,bentukan,[1] meng- + (l;m;n;ng;ny;r;w;y;[t:n];[p:m];[k:ng];[s:ny]) + (-i;-kan)
80292.3,x,,[meng-:me-] + <nyakiti>,bentukan,[1] meng- + (l;m;n;ng;ny;r;w;y;[t:n];[p:m];[k:ng];[s:ny]) + (-i;-kan)
80292.4,x,,[meng-:me-] + <sakiti>,bentukan,[1] meng- + (l;m;n;ng;ny;r;w;y;[t:n];[p:m];[k:ng];[s:ny]) + (-i;-kan)
80292.5,x,,<menyakit> + -i,bentukan,[28] [S] -i + (<all>)
,,,,,
80293,k,0,menyakiti diri,dasar,
80293.1,x,,[meng-:me-] + <nyakiti dir> + -i,bentukan,[1] meng- + (l;m;n;ng;ny;r;w;y;[t:n];[p:m];[k:ng];[s:ny]) + (-i;-kan)
80293.2,x,,[meng-:me-] + <sakiti dir> + -i,bentukan,[1] meng- + (l;m;n;ng;ny;r;w;y;[t:n];[p:m];[k:ng];[s:ny]) + (-i;-kan)
80293.3,x,,[meng-:me-] + <nyakiti diri>,bentukan,[1] meng- + (l;m;n;ng;ny;r;w;y;[t:n];[p:m];[k:ng];[s:ny]) + (-i;-kan)
80293.4,x,,[meng-:me-] + <sakiti diri>,bentukan,[1] meng- + (l;m;n;ng;ny;r;w;y;[t:n];[p:m];[k:ng];[s:ny]) + (-i;-kan)
80293.5,x,,<menyakiti dir> + -i,bentukan,[28] [S] -i + (<all>)
,,,,,
80294,v,14,menyakitiku,dasar,
80294.1,x,,[meng-:me-] + <nyakitiku>,bentukan,[1] meng- + (l;m;n;ng;ny;r;w;y;[t:n];[p:m];[k:ng];[s:ny]) + (-i;-kan)
80294.2,x,,[meng-:me-] + <sakitiku>,bentukan,[1] meng- + (l;m;n;ng;ny;r;w;y;[t:n];[p:m];[k:ng];[s:ny]) + (-i;-kan)
80294.3,x,,<menyakiti> + -ku,bentukan,[32] [SFS] -ku + (<all>)
80294.4,x,,[meng-:me-] + <nyakit> + -i + -ku,bentukan,[1] meng- + (l;m;n;ng;ny;r;w;y;[t:n];[p:m];[k:ng];[s:ny]) + (-i;-kan) => [32] [SFS] -ku + (<all>)
80294.5,v,,[meng-:me-] + <sakit> + -i + -ku,bentukan,[1] meng- + (l;m;n;ng;ny;r;w;y;[t:n];[p:m];[k:ng];[s:ny]) + (-i;-kan) => [32] [SFS] -ku + (<all>)
80294.6,x,,[meng-:me-] + <nyakiti> + -ku,bentukan,[1] meng- + (l;m;n;ng;ny;r;w;y;[t:n];[p:m];[k:ng];[s:ny]) + (-i;-kan) => [32] [SFS] -ku + (<all>)
80294.7,x,,[meng-:me-] + <sakiti> + -ku,bentukan,[1] meng- + (l;m;n;ng;ny;r;w;y;[t:n];[p:m];[k:ng];[s:ny]) + (-i;-kan) => [32] [SFS] -ku + (<all>)
80294.8,x,,<menyakit> + -i + -ku,bentukan,[28] [S] -i + (<all>) => [32] [SFS] -ku + (<all>)
,,,,,
80295,v,16,menyakitimu,dasar,
80295.1,x,,[meng-:me-] + <nyakitimu>,bentukan,[1] meng- + (l;m;n;ng;ny;r;w;y;[t:n];[p:m];[k:ng];[s:ny]) + (-i;-kan)
80295.2,x,,[meng-:me-] + <sakitimu>,bentukan,[1] meng- + (l;m;n;ng;ny;r;w;y;[t:n];[p:m];[k:ng];[s:ny]) + (-i;-kan)
80295.3,x,,<menyakiti> + -mu,bentukan,[33] [SFS] -mu + (<all>)
80295.4,x,,[meng-:me-] + <nyakit> + -i + -mu,bentukan,[1] meng- + (l;m;n;ng;ny;r;w;y;[t:n];[p:m];[k:ng];[s:ny]) + (-i;-kan) => [33] [SFS] -mu + (<all>)
80295.5,v,,[meng-:me-] + <sakit> + -i + -mu,bentukan,[1] meng- + (l;m;n;ng;ny;r;w;y;[t:n];[p:m];[k:ng];[s:ny]) + (-i;-kan) => [33] [SFS] -mu + (<all>)
80295.6,x,,[meng-:me-] + <nyakiti> + -mu,bentukan,[1] meng- + (l;m;n;ng;ny;r;w;y;[t:n];[p:m];[k:ng];[s:ny]) + (-i;-kan) => [33] [SFS] -mu + (<all>)
80295.7,x,,[meng-:me-] + <sakiti> + -mu,bentukan,[1] meng- + (l;m;n;ng;ny;r;w;y;[t:n];[p:m];[k:ng];[s:ny]) + (-i;-kan) => [33] [SFS] -mu + (<all>)
80295.8,x,,<menyakit> + -i + -mu,bentukan,[28] [S] -i + (<all>) => [33] [SFS] -mu + (<all>)
,,,,,
80296,v,23,menyakitinya,dasar,
80296.1,x,,[meng-:me-] + <nyakitinya>,bentukan,[1] meng- + (l;m;n;ng;ny;r;w;y;[t:n];[p:m];[k:ng];[s:ny]) + (-i;-kan)
80296.2,x,,[meng-:me-] + <sakitinya>,bentukan,[1] meng- + (l;m;n;ng;ny;r;w;y;[t:n];[p:m];[k:ng];[s:ny]) + (-i;-kan)
80296.3,x,,<menyakiti> + -nya,bentukan,[34] [SFS] -nya + (<all>)
80296.4,x,,[meng-:me-] + <nyakit> + -i + -nya,bentukan,[1] meng- + (l;m;n;ng;ny;r;w;y;[t:n];[p:m];[k:ng];[s:ny]) + (-i;-kan) => [34] [SFS] -nya + (<all>)
80296.5,v,,[meng-:me-] + <sakit> + -i + -nya,bentukan,[1] meng- + (l;m;n;ng;ny;r;w;y;[t:n];[p:m];[k:ng];[s:ny]) + (-i;-kan) => [34] [SFS] -nya + (<all>)
80296.6,x,,[meng-:me-] + <nyakiti> + -nya,bentukan,[1] meng- + (l;m;n;ng;ny;r;w;y;[t:n];[p:m];[k:ng];[s:ny]) + (-i;-kan) => [34] [SFS] -nya + (<all>)
80296.7,x,,[meng-:me-] + <sakiti> + -nya,bentukan,[1] meng- + (l;m;n;ng;ny;r;w;y;[t:n];[p:m];[k:ng];[s:ny]) + (-i;-kan) => [34] [SFS] -nya + (<all>)
80296.8,x,,<menyakit> + -i + -nya,bentukan,[28] [S] -i + (<all>) => [34] [SFS] -nya + (<all>)
,,,,,
80297,k,300,menyakitkan,dasar,
80297.1,x,,[meng-:me-] + <nyakit> + -kan,bentukan,[1] meng- + (l;m;n;ng;ny;r;w;y;[t:n];[p:m];[k:ng];[s:ny]) + (-i;-kan)
80297.2,v,,[meng-:me-] + <sakit> + -kan,bentukan,[1] meng- + (l;m;n;ng;ny;r;w;y;[t:n];[p:m];[k:ng];[s:ny]) + (-i;-kan)
80297.3,x,,[meng-:me-] + <nyakitkan>,bentukan,[1] meng- + (l;m;n;ng;ny;r;w;y;[t:n];[p:m];[k:ng];[s:ny]) + (-i;-kan)
80297.4,x,,[meng-:me-] + <sakitkan>,bentukan,[1] meng- + (l;m;n;ng;ny;r;w;y;[t:n];[p:m];[k:ng];[s:ny]) + (-i;-kan)
80297.5,x,,<menyakit> + -kan,bentukan,[29] [S] -kan + (<all>)
80297.6,x,,<menyakitk> + -an,bentukan,[38] [S] -an + (<all>)
,,,,,
80298,k,0,menyakitkan mata,dasar,
80298.1,x,,[meng-:me-] + <nyakitkan mata>,bentukan,[1] meng- + (l;m;n;ng;ny;r;w;y;[t:n];[p:m];[k:ng];[s:ny]) + (-i;-kan)
80298.2,x,,[meng-:me-] + <sakitkan mata>,bentukan,[1] meng- + (l;m;n;ng;ny;r;w;y;[t:n];[p:m];[k:ng];[s:ny]) + (-i;-kan)
,,,,,
80299,v,3,menyakitkanku,dasar,
80299.1,x,,[meng-:me-] + <nyakitkanku>,bentukan,[1] meng- + (l;m;n;ng;ny;r;w;y;[t:n];[p:m];[k:ng];[s:ny]) + (-i;-kan)
80299.2,x,,[meng-:me-] + <sakitkanku>,bentukan,[1] meng- + (l;m;n;ng;ny;r;w;y;[t:n];[p:m];[k:ng];[s:ny]) + (-i;-kan)
80299.3,x,,<menyakitkan> + -ku,bentukan,[32] [SFS] -ku + (<all>)
80299.4,x,,[meng-:me-] + <nyakit> + -kan + -ku,bentukan,[1] meng- + (l;m;n;ng;ny;r;w;y;[t:n];[p:m];[k:ng];[s:ny]) + (-i;-kan) => [32] [SFS] -ku + (<all>)
80299.5,v,,[meng-:me-] + <sakit> + -kan + -ku,bentukan,[1] meng- + (l;m;n;ng;ny;r;w;y;[t:n];[p:m];[k:ng];[s:ny]) + (-i;-kan) => [32] [SFS] -ku + (<all>)
80299.6,x,,[meng-:me-] + <nyakitkan> + -ku,bentukan,[1] meng- + (l;m;n;ng;ny;r;w;y;[t:n];[p:m];[k:ng];[s:ny]) + (-i;-kan) => [32] [SFS] -ku + (<all>)
80299.7,x,,[meng-:me-] + <sakitkan> + -ku,bentukan,[1] meng- + (l;m;n;ng;ny;r;w;y;[t:n];[p:m];[k:ng];[s:ny]) + (-i;-kan) => [32] [SFS] -ku + (<all>)
80299.8,x,,<menyakit> + -kan + -ku,bentukan,[29] [S] -kan + (<all>) => [32] [SFS] -ku + (<all>)
80299.9,x,,<menyakitk> + -an + -ku,bentukan,[38] [S] -an + (<all>) => [32] [SFS] -ku + (<all>)
,,,,,
80300,v,4,menyakitkannya,dasar,
80300.1,x,,[meng-:me-] + <nyakitkannya>,bentukan,[1] meng- + (l;m;n;ng;ny;r;w;y;[t:n];[p:m];[k:ng];[s:ny]) + (-i;-kan)
80300.2,x,,[meng-:me-] + <sakitkannya>,bentukan,[1] meng- + (l;m;n;ng;ny;r;w;y;[t:n];[p:m];[k:ng];[s:ny]) + (-i;-kan)
80300.3,x,,<menyakitkan> + -nya,bentukan,[34] [SFS] -nya + (<all>)
80300.4,x,,[meng-:me-] + <nyakit> + -kan + -nya,bentukan,[1] meng- + (l;m;n;ng;ny;r;w;y;[t:n];[p:m];[k:ng];[s:ny]) + (-i;-kan) => [34] [SFS] -nya + (<all>)
80300.5,v,,[meng-:me-] + <sakit> + -kan + -nya,bentukan,[1] meng- + (l;m;n;ng;ny;r;w;y;[t:n];[p:m];[k:ng];[s:ny]) + (-i;-kan) => [34] [SFS] -nya + (<all>)
80300.6,x,,[meng-:me-] + <nyakitkan> + -nya,bentukan,[1] meng- + (l;m;n;ng;ny;r;w;y;[t:n];[p:m];[k:ng];[s:ny]) + (-i;-kan) => [34] [SFS] -nya + (<all>)
80300.7,x,,[meng-:me-] + <sakitkan> + -nya,bentukan,[1] meng- + (l;m;n;ng;ny;r;w;y;[t:n];[p:m];[k:ng];[s:ny]) + (-i;-kan) => [34] [SFS] -nya + (<all>)
80300.8,x,,<menyakit> + -kan + -nya,bentukan,[29] [S] -kan + (<all>) => [34] [SFS] -nya + (<all>)
80300.9,x,,<menyakitk> + -an + -nya,bentukan,[38] [S] -an + (<all>) => [34] [SFS] -nya + (<all>)
,,,,,
80301,k,0,menyakralkan,dasar,
80301.1,x,,[meng-:me-] + <nyakral> + -kan,bentukan,[1] meng- + (l;m;n;ng;ny;r;w;y;[t:n];[p:m];[k:ng];[s:ny]) + (-i;-kan)
80301.2,v,,[meng-:me-] + <sakral> + -kan,bentukan,[1] meng- + (l;m;n;ng;ny;r;w;y;[t:n];[p:m];[k:ng];[s:ny]) + (-i;-kan)
80301.3,x,,[meng-:me-] + <nyakralkan>,bentukan,[1] meng- + (l;m;n;ng;ny;r;w;y;[t:n];[p:m];[k:ng];[s:ny]) + (-i;-kan)
80301.4,x,,[meng-:me-] + <sakralkan>,bentukan,[1] meng- + (l;m;n;ng;ny;r;w;y;[t:n];[p:m];[k:ng];[s:ny]) + (-i;-kan)
80301.5,x,,<menyakral> + -kan,bentukan,[29] [S] -kan + (<all>)
80301.6,x,,<menyakralk> + -an,bentukan,[38] [S] -an + (<all>)
,,,,,
80302,k,1314,menyaksikan,dasar,
80302.1,x,,[meng-:me-] + <nyaksi> + -kan,bentukan,[1] meng- + (l;m;n;ng;ny;r;w;y;[t:n];[p:m];[k:ng];[s:ny]) + (-i;-kan)
80302.2,v,,[meng-:me-] + <saksi> + -kan,bentukan,[1] meng- + (l;m;n;ng;ny;r;w;y;[t:n];[p:m];[k:ng];[s:ny]) + (-i;-kan)
80302.3,x,,[meng-:me-] + <nyaksikan>,bentukan,[1] meng- + (l;m;n;ng;ny;r;w;y;[t:n];[p:m];[k:ng];[s:ny]) + (-i;-kan)
80302.4,x,,[meng-:me-] + <saksikan>,bentukan,[1] meng- + (l;m;n;ng;ny;r;w;y;[t:n];[p:m];[k:ng];[s:ny]) + (-i;-kan)
80302.5,x,,<menyaksi> + -kan,bentukan,[29] [S] -kan + (<all>)
80302.6,x,,<menyaksik> + -an,bentukan,[38] [S] -an + (<all>)
,,,,,
80303,v,5,menyaksikanku,dasar,
80303.1,x,,[meng-:me-] + <nyaksikanku>,bentukan,[1] meng- + (l;m;n;ng;ny;r;w;y;[t:n];[p:m];[k:ng];[s:ny]) + (-i;-kan)
80303.2,x,,[meng-:me-] + <saksikanku>,bentukan,[1] meng- + (l;m;n;ng;ny;r;w;y;[t:n];[p:m];[k:ng];[s:ny]) + (-i;-kan)
80303.3,x,,<menyaksikan> + -ku,bentukan,[32] [SFS] -ku + (<all>)
80303.4,x,,[meng-:me-] + <nyaksi> + -kan + -ku,bentukan,[1] meng- + (l;m;n;ng;ny;r;w;y;[t:n];[p:m];[k:ng];[s:ny]) + (-i;-kan) => [32] [SFS] -ku + (<all>)
80303.5,v,,[meng-:me-] + <saksi> + -kan + -ku,bentukan,[1] meng- + (l;m;n;ng;ny;r;w;y;[t:n];[p:m];[k:ng];[s:ny]) + (-i;-kan) => [32] [SFS] -ku + (<all>)
80303.6,x,,[meng-:me-] + <nyaksikan> + -ku,bentukan,[1] meng- + (l;m;n;ng;ny;r;w;y;[t:n];[p:m];[k:ng];[s:ny]) + (-i;-kan) => [32] [SFS] -ku + (<all>)
80303.7,x,,[meng-:me-] + <saksikan> + -ku,bentukan,[1] meng- + (l;m;n;ng;ny;r;w;y;[t:n];[p:m];[k:ng];[s:ny]) + (-i;-kan) => [32] [SFS] -ku + (<all>)
80303.8,x,,<menyaksi> + -kan + -ku,bentukan,[29] [S] -kan + (<all>) => [32] [SFS] -ku + (<all>)
80303.9,x,,<menyaksik> + -an + -ku,bentukan,[38] [S] -an + (<all>) => [32] [SFS] -ku + (<all>)
,,,,,
80304,v,77,menyaksikannya,dasar,
80304.1,x,,[meng-:me-] + <nyaksikannya>,bentukan,[1] meng- + (l;m;n;ng;ny;r;w;y;[t:n];[p:m];[k:ng];[s:ny]) + (-i;-kan)
80304.2,x,,[meng-:me-] + <saksikannya>,bentukan,[1] meng- + (l;m;n;ng;ny;r;w;y;[t:n];[p:m];[k:ng];[s:ny]) + (-i;-kan)
80304.3,x,,<menyaksikan> + -nya,bentukan,[34] [SFS] -nya + (<all>)
80304.4,x,,[meng-:me-] + <nyaksi> + -kan + -nya,bentukan,[1] meng- + (l;m;n;ng;ny;r;w;y;[t:n];[p:m];[k:ng];[s:ny]) + (-i;-kan) => [34] [SFS] -nya + (<all>)
80304.5,v,,[meng-:me-] + <saksi> + -kan + -nya,bentukan,[1] meng- + (l;m;n;ng;ny;r;w;y;[t:n];[p:m];[k:ng];[s:ny]) + (-i;-kan) => [34] [SFS] -nya + (<all>)
80304.6,x,,[meng-:me-] + <nyaksikan> + -nya,bentukan,[1] meng- + (l;m;n;ng;ny;r;w;y;[t:n];[p:m];[k:ng];[s:ny]) + (-i;-kan) => [34] [SFS] -nya + (<all>)
80304.7,x,,[meng-:me-] + <saksikan> + -nya,bentukan,[1] meng- + (l;m;n;ng;ny;r;w;y;[t:n];[p:m];[k:ng];[s:ny]) + (-i;-kan) => [34] [SFS] -nya + (<all>)
80304.8,x,,<menyaksi> + -kan + -nya,bentukan,[29] [S] -kan + (<all>) => [34] [SFS] -nya + (<all>)
80304.9,x,,<menyaksik> + -an + -nya,bentukan,[38] [S] -an + (<all>) => [34] [SFS] -nya + (<all>)
,,,,,
80305,k,0,menyaktikan,dasar,
80305.1,x,,[meng-:me-] + <nyakti> + -kan,bentukan,[1] meng- + (l;m;n;ng;ny;r;w;y;[t:n];[p:m];[k:ng];[s:ny]) + (-i;-kan)
80305.2,v,,[meng-:me-] + <sakti> + -kan,bentukan,[1] meng- + (l;m;n;ng;ny;r;w;y;[t:n];[p:m];[k:ng];[s:ny]) + (-i;-kan)
80305.3,x,,[meng-:me-] + <nyaktikan>,bentukan,[1] meng- + (l;m;n;ng;ny;r;w;y;[t:n];[p:m];[k:ng];[s:ny]) + (-i;-kan)
80305.4,x,,[meng-:me-] + <saktikan>,bentukan,[1] meng- + (l;m;n;ng;ny;r;w;y;[t:n];[p:m];[k:ng];[s:ny]) + (-i;-kan)
80305.5,x,,<menyakti> + -kan,bentukan,[29] [S] -kan + (<all>)
80305.6,x,,<menyaktik> + -an,bentukan,[38] [S] -an + (<all>)
,,,,,
80306,k,0,menyakukan,dasar,
80306.1,x,,[meng-:me-] + <nyaku> + -kan,bentukan,[1] meng- + (l;m;n;ng;ny;r;w;y;[t:n];[p:m];[k:ng];[s:ny]) + (-i;-kan)
80306.2,v,,[meng-:me-] + <saku> + -kan,bentukan,[1] meng- + (l;m;n;ng;ny;r;w;y;[t:n];[p:m];[k:ng];[s:ny]) + (-i;-kan)
80306.3,x,,[meng-:me-] + <nyakukan>,bentukan,[1] meng- + (l;m;n;ng;ny;r;w;y;[t:n];[p:m];[k:ng];[s:ny]) + (-i;-kan)
80306.4,x,,[meng-:me-] + <sakukan>,bentukan,[1] meng- + (l;m;n;ng;ny;r;w;y;[t:n];[p:m];[k:ng];[s:ny]) + (-i;-kan)
80306.5,x,,<menyaku> + -kan,bentukan,[29] [S] -kan + (<all>)
80306.6,x,,<menyakuk> + -an,bentukan,[38] [S] -an + (<all>)
,,,,,
80307,k,505,menyala,dasar,
80307.1,v,,[meng-:me-] + <nyala>,bentukan,[1] meng- + (l;m;n;ng;ny;r;w;y;[t:n];[p:m];[k:ng];[s:ny]) + (-i;-kan)
80307.2,x,,[meng-:me-] + <sala>,bentukan,[1] meng- + (l;m;n;ng;ny;r;w;y;[t:n];[p:m];[k:ng];[s:ny]) + (-i;-kan)
,,,,,
80308,k,54,menyala-nyala,dasar,
80308.1,v,,[meng-:me-] + <nyala> [-] <r>,bentukan,[1] meng- + (l;m;n;ng;ny;r;w;y;[t:n];[p:m];[k:ng];[s:ny]) + (-i;-kan) => [25] [RD] meng-|
80308.2,x,,[meng-:me-] + <sala> [-] <r>,bentukan,[1] meng- + (l;m;n;ng;ny;r;w;y;[t:n];[p:m];[k:ng];[s:ny]) + (-i;-kan) => [25] [RD] meng-|
,,,,,
80309,k,6,menyalah,dasar,
80309.1,x,,[meng-:me-] + <nyalah>,bentukan,[1] meng- + (l;m;n;ng;ny;r;w;y;[t:n];[p:m];[k:ng];[s:ny]) + (-i;-kan)
80309.2,v,,[meng-:me-] + <salah>,bentukan,[1] meng- + (l;m;n;ng;ny;r;w;y;[t:n];[p:m];[k:ng];[s:ny]) + (-i;-kan)
80309.3,x,,<menya> + -lah,bentukan,[31] [FS] -lah + (<all>)
80309.4,x,,[meng-:me-] + <nya> + -lah,bentukan,[1] meng- + (l;m;n;ng;ny;r;w;y;[t:n];[p:m];[k:ng];[s:ny]) + (-i;-kan) => [31] [FS] -lah + (<all>)
80309.5,x,,[meng-:me-] + <sa> + -lah,bentukan,[1] meng- + (l;m;n;ng;ny;r;w;y;[t:n];[p:m];[k:ng];[s:ny]) + (-i;-kan) => [31] [FS] -lah + (<all>)
80309.6,x,,<me> + -nya + -lah,bentukan,[34] [SFS] -nya + (<all>) => [31] [FS] -lah + (<all>)
,,,,,
80310,v,5,menyalah-nyalahkan,dasar,
80310.1,x,,[meng-:me-] + <nyalah> [-] <r> + -kan,bentukan,[1] meng- + (l;m;n;ng;ny;r;w;y;[t:n];[p:m];[k:ng];[s:ny]) + (-i;-kan) => [25] [RD] meng-|
80310.2,v,,[meng-:me-] + <salah> [-] <r> + -kan,bentukan,[1] meng- + (l;m;n;ng;ny;r;w;y;[t:n];[p:m];[k:ng];[s:ny]) + (-i;-kan) => [25] [RD] meng-|
,,,,,
80311,k,7,menyalahartikan,dasar,
80311.1,x,,[meng-:me-] + <nyalaharti> + -kan,bentukan,[1] meng- + (l;m;n;ng;ny;r;w;y;[t:n];[p:m];[k:ng];[s:ny]) + (-i;-kan)
80311.2,v,,[meng-:me-] + <salaharti> + -kan,bentukan,[1] meng- + (l;m;n;ng;ny;r;w;y;[t:n];[p:m];[k:ng];[s:ny]) + (-i;-kan)
80311.3,x,,[meng-:me-] + <nyalahartikan>,bentukan,[1] meng- + (l;m;n;ng;ny;r;w;y;[t:n];[p:m];[k:ng];[s:ny]) + (-i;-kan)
80311.4,x,,[meng-:me-] + <salahartikan>,bentukan,[1] meng- + (l;m;n;ng;ny;r;w;y;[t:n];[p:m];[k:ng];[s:ny]) + (-i;-kan)
80311.5,x,,<menyalaharti> + -kan,bentukan,[29] [S] -kan + (<all>)
80311.6,x,,<menyalahartik> + -an,bentukan,[38] [S] -an + (<all>)
,,,,,
80312,k,214,menyalahgunakan,dasar,
80312.1,x,,[meng-:me-] + <nyalahguna> + -kan,bentukan,[1] meng- + (l;m;n;ng;ny;r;w;y;[t:n];[p:m];[k:ng];[s:ny]) + (-i;-kan)
80312.2,v,,[meng-:me-] + <salahguna> + -kan,bentukan,[1] meng- + (l;m;n;ng;ny;r;w;y;[t:n];[p:m];[k:ng];[s:ny]) + (-i;-kan)
80312.3,x,,[meng-:me-] + <nyalahgunakan>,bentukan,[1] meng- + (l;m;n;ng;ny;r;w;y;[t:n];[p:m];[k:ng];[s:ny]) + (-i;-kan)
80312.4,x,,[meng-:me-] + <salahgunakan>,bentukan,[1] meng- + (l;m;n;ng;ny;r;w;y;[t:n];[p:m];[k:ng];[s:ny]) + (-i;-kan)
80312.5,x,,<menyalahguna> + -kan,bentukan,[29] [S] -kan + (<all>)
80312.6,x,,<menyalahgunak> + -an,bentukan,[38] [S] -an + (<all>)
,,,,,
80313,v,7,menyalahgunakannya,dasar,
80313.1,x,,[meng-:me-] + <nyalahgunakannya>,bentukan,[1] meng- + (l;m;n;ng;ny;r;w;y;[t:n];[p:m];[k:ng];[s:ny]) + (-i;-kan)
80313.2,x,,[meng-:me-] + <salahgunakannya>,bentukan,[1] meng- + (l;m;n;ng;ny;r;w;y;[t:n];[p:m];[k:ng];[s:ny]) + (-i;-kan)
80313.3,x,,<menyalahgunakan> + -nya,bentukan,[34] [SFS] -nya + (<all>)
80313.4,x,,[meng-:me-] + <nyalahguna> + -kan + -nya,bentukan,[1] meng- + (l;m;n;ng;ny;r;w;y;[t:n];[p:m];[k:ng];[s:ny]) + (-i;-kan) => [34] [SFS] -nya + (<all>)
80313.5,v,,[meng-:me-] + <salahguna> + -kan + -nya,bentukan,[1] meng- + (l;m;n;ng;ny;r;w;y;[t:n];[p:m];[k:ng];[s:ny]) + (-i;-kan) => [34] [SFS] -nya + (<all>)
80313.6,x,,[meng-:me-] + <nyalahgunakan> + -nya,bentukan,[1] meng- + (l;m;n;ng;ny;r;w;y;[t:n];[p:m];[k:ng];[s:ny]) + (-i;-kan) => [34] [SFS] -nya + (<all>)
80313.7,x,,[meng-:me-] + <salahgunakan> + -nya,bentukan,[1] meng- + (l;m;n;ng;ny;r;w;y;[t:n];[p:m];[k:ng];[s:ny]) + (-i;-kan) => [34] [SFS] -nya + (<all>)
80313.8,x,,<menyalahguna> + -kan + -nya,bentukan,[29] [S] -kan + (<all>) => [34] [SFS] -nya + (<all>)
80313.9,x,,<menyalahgunak> + -an + -nya,bentukan,[38] [S] -an + (<all>) => [34] [SFS] -nya + (<all>)
,,,,,
80314,k,190,menyalahi,dasar,
80314.1,x,,[meng-:me-] + <nyalah> + -i,bentukan,[1] meng- + (l;m;n;ng;ny;r;w;y;[t:n];[p:m];[k:ng];[s:ny]) + (-i;-kan)
80314.2,v,,[meng-:me-] + <salah> + -i,bentukan,[1] meng- + (l;m;n;ng;ny;r;w;y;[t:n];[p:m];[k:ng];[s:ny]) + (-i;-kan)
80314.3,x,,[meng-:me-] + <nyalahi>,bentukan,[1] meng- + (l;m;n;ng;ny;r;w;y;[t:n];[p:m];[k:ng];[s:ny]) + (-i;-kan)
80314.4,x,,[meng-:me-] + <salahi>,bentukan,[1] meng- + (l;m;n;ng;ny;r;w;y;[t:n];[p:m];[k:ng];[s:ny]) + (-i;-kan)
80314.5,x,,<menyalah> + -i,bentukan,[28] [S] -i + (<all>)
,,,,,
80315,k,445,menyalahkan,dasar,
80315.1,x,,[meng-:me-] + <nyalah> + -kan,bentukan,[1] meng- + (l;m;n;ng;ny;r;w;y;[t:n];[p:m];[k:ng];[s:ny]) + (-i;-kan)
80315.2,v,,[meng-:me-] + <salah> + -kan,bentukan,[1] meng- + (l;m;n;ng;ny;r;w;y;[t:n];[p:m];[k:ng];[s:ny]) + (-i;-kan)
80315.3,x,,[meng-:me-] + <nyalahkan>,bentukan,[1] meng- + (l;m;n;ng;ny;r;w;y;[t:n];[p:m];[k:ng];[s:ny]) + (-i;-kan)
80315.4,x,,[meng-:me-] + <salahkan>,bentukan,[1] meng- + (l;m;n;ng;ny;r;w;y;[t:n];[p:m];[k:ng];[s:ny]) + (-i;-kan)
80315.5,x,,<menyalah> + -kan,bentukan,[29] [S] -kan + (<all>)
80315.6,x,,<menyalahk> + -an,bentukan,[38] [S] -an + (<all>)
,,,,,
80316,v,11,menyalahkanku,dasar,
80316.1,x,,[meng-:me-] + <nyalahkanku>,bentukan,[1] meng- + (l;m;n;ng;ny;r;w;y;[t:n];[p:m];[k:ng];[s:ny]) + (-i;-kan)
80316.2,x,,[meng-:me-] + <salahkanku>,bentukan,[1] meng- + (l;m;n;ng;ny;r;w;y;[t:n];[p:m];[k:ng];[s:ny]) + (-i;-kan)
80316.3,x,,<menyalahkan> + -ku,bentukan,[32] [SFS] -ku + (<all>)
80316.4,x,,[meng-:me-] + <nyalah> + -kan + -ku,bentukan,[1] meng- + (l;m;n;ng;ny;r;w;y;[t:n];[p:m];[k:ng];[s:ny]) + (-i;-kan) => [32] [SFS] -ku + (<all>)
80316.5,v,,[meng-:me-] + <salah> + -kan + -ku,bentukan,[1] meng- + (l;m;n;ng;ny;r;w;y;[t:n];[p:m];[k:ng];[s:ny]) + (-i;-kan) => [32] [SFS] -ku + (<all>)
80316.6,x,,[meng-:me-] + <nyalahkan> + -ku,bentukan,[1] meng- + (l;m;n;ng;ny;r;w;y;[t:n];[p:m];[k:ng];[s:ny]) + (-i;-kan) => [32] [SFS] -ku + (<all>)
80316.7,x,,[meng-:me-] + <salahkan> + -ku,bentukan,[1] meng- + (l;m;n;ng;ny;r;w;y;[t:n];[p:m];[k:ng];[s:ny]) + (-i;-kan) => [32] [SFS] -ku + (<all>)
80316.8,x,,<menyalah> + -kan + -ku,bentukan,[29] [S] -kan + (<all>) => [32] [SFS] -ku + (<all>)
80316.9,x,,<menyalahk> + -an + -ku,bentukan,[38] [S] -an + (<all>) => [32] [SFS] -ku + (<all>)
,,,,,
80317,v,7,menyalahkanmu,dasar,
80317.1,x,,[meng-:me-] + <nyalahkanmu>,bentukan,[1] meng- + (l;m;n;ng;ny;r;w;y;[t:n];[p:m];[k:ng];[s:ny]) + (-i;-kan)
80317.2,x,,[meng-:me-] + <salahkanmu>,bentukan,[1] meng- + (l;m;n;ng;ny;r;w;y;[t:n];[p:m];[k:ng];[s:ny]) + (-i;-kan)
80317.3,x,,<menyalahkan> + -mu,bentukan,[33] [SFS] -mu + (<all>)
80317.4,x,,[meng-:me-] + <nyalah> + -kan + -mu,bentukan,[1] meng- + (l;m;n;ng;ny;r;w;y;[t:n];[p:m];[k:ng];[s:ny]) + (-i;-kan) => [33] [SFS] -mu + (<all>)
80317.5,v,,[meng-:me-] + <salah> + -kan + -mu,bentukan,[1] meng- + (l;m;n;ng;ny;r;w;y;[t:n];[p:m];[k:ng];[s:ny]) + (-i;-kan) => [33] [SFS] -mu + (<all>)
80317.6,x,,[meng-:me-] + <nyalahkan> + -mu,bentukan,[1] meng- + (l;m;n;ng;ny;r;w;y;[t:n];[p:m];[k:ng];[s:ny]) + (-i;-kan) => [33] [SFS] -mu + (<all>)
80317.7,x,,[meng-:me-] + <salahkan> + -mu,bentukan,[1] meng- + (l;m;n;ng;ny;r;w;y;[t:n];[p:m];[k:ng];[s:ny]) + (-i;-kan) => [33] [SFS] -mu + (<all>)
80317.8,x,,<menyalah> + -kan + -mu,bentukan,[29] [S] -kan + (<all>) => [33] [SFS] -mu + (<all>)
80317.9,x,,<menyalahk> + -an + -mu,bentukan,[38] [S] -an + (<all>) => [33] [SFS] -mu + (<all>)
,,,,,
80318,v,11,menyalahkannya,dasar,
80318.1,x,,[meng-:me-] + <nyalahkannya>,bentukan,[1] meng- + (l;m;n;ng;ny;r;w;y;[t:n];[p:m];[k:ng];[s:ny]) + (-i;-kan)
80318.2,x,,[meng-:me-] + <salahkannya>,bentukan,[1] meng- + (l;m;n;ng;ny;r;w;y;[t:n];[p:m];[k:ng];[s:ny]) + (-i;-kan)
80318.3,x,,<menyalahkan> + -nya,bentukan,[34] [SFS] -nya + (<all>)
80318.4,x,,[meng-:me-] + <nyalah> + -kan + -nya,bentukan,[1] meng- + (l;m;n;ng;ny;r;w;y;[t:n];[p:m];[k:ng];[s:ny]) + (-i;-kan) => [34] [SFS] -nya + (<all>)
80318.5,v,,[meng-:me-] + <salah> + -kan + -nya,bentukan,[1] meng- + (l;m;n;ng;ny;r;w;y;[t:n];[p:m];[k:ng];[s:ny]) + (-i;-kan) => [34] [SFS] -nya + (<all>)
80318.6,x,,[meng-:me-] + <nyalahkan> + -nya,bentukan,[1] meng- + (l;m;n;ng;ny;r;w;y;[t:n];[p:m];[k:ng];[s:ny]) + (-i;-kan) => [34] [SFS] -nya + (<all>)
80318.7,x,,[meng-:me-] + <salahkan> + -nya,bentukan,[1] meng- + (l;m;n;ng;ny;r;w;y;[t:n];[p:m];[k:ng];[s:ny]) + (-i;-kan) => [34] [SFS] -nya + (<all>)
80318.8,x,,<menyalah> + -kan + -nya,bentukan,[29] [S] -kan + (<all>) => [34] [SFS] -nya + (<all>)
80318.9,x,,<menyalahk> + -an + -nya,bentukan,[38] [S] -an + (<all>) => [34] [SFS] -nya + (<all>)
,,,,,
80319,k,0,menyalai,dasar,
80319.1,v,,[meng-:me-] + <nyala> + -i,bentukan,[1] meng- + (l;m;n;ng;ny;r;w;y;[t:n];[p:m];[k:ng];[s:ny]) + (-i;-kan)
80319.2,x,,[meng-:me-] + <sala> + -i,bentukan,[1] meng- + (l;m;n;ng;ny;r;w;y;[t:n];[p:m];[k:ng];[s:ny]) + (-i;-kan)
80319.3,x,,[meng-:me-] + <nyalai>,bentukan,[1] meng- + (l;m;n;ng;ny;r;w;y;[t:n];[p:m];[k:ng];[s:ny]) + (-i;-kan)
80319.4,x,,[meng-:me-] + <salai>,bentukan,[1] meng- + (l;m;n;ng;ny;r;w;y;[t:n];[p:m];[k:ng];[s:ny]) + (-i;-kan)
80319.5,x,,<menyala> + -i,bentukan,[28] [S] -i + (<all>)
,,,,,
80320,k,63,menyalak,dasar,
80320.1,x,,[meng-:me-] + <nyalak>,bentukan,[1] meng- + (l;m;n;ng;ny;r;w;y;[t:n];[p:m];[k:ng];[s:ny]) + (-i;-kan)
80320.2,v,,[meng-:me-] + <salak>,bentukan,[1] meng- + (l;m;n;ng;ny;r;w;y;[t:n];[p:m];[k:ng];[s:ny]) + (-i;-kan)
,,,,,
80321,v,10,menyalak-nyalak,dasar,
80321.1,x,,[meng-:me-] + <nyalak> [-] <r>,bentukan,[1] meng- + (l;m;n;ng;ny;r;w;y;[t:n];[p:m];[k:ng];[s:ny]) + (-i;-kan) => [25] [RD] meng-|
80321.2,v,,[meng-:me-] + <salak> [-] <r>,bentukan,[1] meng- + (l;m;n;ng;ny;r;w;y;[t:n];[p:m];[k:ng];[s:ny]) + (-i;-kan) => [25] [RD] meng-|
,,,,,
80322,k,358,menyalakan,dasar,
80322.1,v,,[meng-:me-] + <nyala> + -kan,bentukan,[1] meng- + (l;m;n;ng;ny;r;w;y;[t:n];[p:m];[k:ng];[s:ny]) + (-i;-kan)
80322.2,x,,[meng-:me-] + <sala> + -kan,bentukan,[1] meng- + (l;m;n;ng;ny;r;w;y;[t:n];[p:m];[k:ng];[s:ny]) + (-i;-kan)
80322.3,x,,[meng-:me-] + <nyalakan>,bentukan,[1] meng- + (l;m;n;ng;ny;r;w;y;[t:n];[p:m];[k:ng];[s:ny]) + (-i;-kan)
80322.4,x,,[meng-:me-] + <salakan>,bentukan,[1] meng- + (l;m;n;ng;ny;r;w;y;[t:n];[p:m];[k:ng];[s:ny]) + (-i;-kan)
80322.5,x,,<menyala> + -kan,bentukan,[29] [S] -kan + (<all>)
80322.6,x,,<menyalak> + -an,bentukan,[38] [S] -an + (<all>)
,,,,,
80323,v,16,menyalakannya,dasar,
80323.1,x,,[meng-:me-] + <nyalakannya>,bentukan,[1] meng- + (l;m;n;ng;ny;r;w;y;[t:n];[p:m];[k:ng];[s:ny]) + (-i;-kan)
80323.2,x,,[meng-:me-] + <salakannya>,bentukan,[1] meng- + (l;m;n;ng;ny;r;w;y;[t:n];[p:m];[k:ng];[s:ny]) + (-i;-kan)
80323.3,x,,<menyalakan> + -nya,bentukan,[34] [SFS] -nya + (<all>)
80323.4,v,,[meng-:me-] + <nyala> + -kan + -nya,bentukan,[1] meng- + (l;m;n;ng;ny;r;w;y;[t:n];[p:m];[k:ng];[s:ny]) + (-i;-kan) => [34] [SFS] -nya + (<all>)
80323.5,x,,[meng-:me-] + <sala> + -kan + -nya,bentukan,[1] meng- + (l;m;n;ng;ny;r;w;y;[t:n];[p:m];[k:ng];[s:ny]) + (-i;-kan) => [34] [SFS] -nya + (<all>)
80323.6,x,,[meng-:me-] + <nyalakan> + -nya,bentukan,[1] meng- + (l;m;n;ng;ny;r;w;y;[t:n];[p:m];[k:ng];[s:ny]) + (-i;-kan) => [34] [SFS] -nya + (<all>)
80323.7,x,,[meng-:me-] + <salakan> + -nya,bentukan,[1] meng- + (l;m;n;ng;ny;r;w;y;[t:n];[p:m];[k:ng];[s:ny]) + (-i;-kan) => [34] [SFS] -nya + (<all>)
80323.8,x,,<menyala> + -kan + -nya,bentukan,[29] [S] -kan + (<all>) => [34] [SFS] -nya + (<all>)
80323.9,x,,<menyalak> + -an + -nya,bentukan,[38] [S] -an + (<all>) => [34] [SFS] -nya + (<all>)
,,,,,
80324,v,2,menyalaki,dasar,
80324.1,x,,[meng-:me-] + <nyalak> + -i,bentukan,[1] meng- + (l;m;n;ng;ny;r;w;y;[t:n];[p:m];[k:ng];[s:ny]) + (-i;-kan)
80324.2,v,,[meng-:me-] + <salak> + -i,bentukan,[1] meng- + (l;m;n;ng;ny;r;w;y;[t:n];[p:m];[k:ng];[s:ny]) + (-i;-kan)
80324.3,x,,[meng-:me-] + <nyalaki>,bentukan,[1] meng- + (l;m;n;ng;ny;r;w;y;[t:n];[p:m];[k:ng];[s:ny]) + (-i;-kan)
80324.4,x,,[meng-:me-] + <salaki>,bentukan,[1] meng- + (l;m;n;ng;ny;r;w;y;[t:n];[p:m];[k:ng];[s:ny]) + (-i;-kan)
80324.5,x,,<menyalak> + -i,bentukan,[28] [S] -i + (<all>)
,,,,,
80325,k,0,menyalam,dasar,
80325.1,x,,[meng-:me-] + <nyalam>,bentukan,[1] meng- + (l;m;n;ng;ny;r;w;y;[t:n];[p:m];[k:ng];[s:ny]) + (-i;-kan)
80325.2,v,,[meng-:me-] + <salam>,bentukan,[1] meng- + (l;m;n;ng;ny;r;w;y;[t:n];[p:m];[k:ng];[s:ny]) + (-i;-kan)
,,,,,
80326,k,110,menyalami,dasar,
80326.1,x,,[meng-:me-] + <nyalam> + -i,bentukan,[1] meng- + (l;m;n;ng;ny;r;w;y;[t:n];[p:m];[k:ng];[s:ny]) + (-i;-kan)
80326.2,v,,[meng-:me-] + <salam> + -i,bentukan,[1] meng- + (l;m;n;ng;ny;r;w;y;[t:n];[p:m];[k:ng];[s:ny]) + (-i;-kan)
80326.3,x,,[meng-:me-] + <nyalami>,bentukan,[1] meng- + (l;m;n;ng;ny;r;w;y;[t:n];[p:m];[k:ng];[s:ny]) + (-i;-kan)
80326.4,x,,[meng-:me-] + <salami>,bentukan,[1] meng- + (l;m;n;ng;ny;r;w;y;[t:n];[p:m];[k:ng];[s:ny]) + (-i;-kan)
80326.5,x,,<menyalam> + -i,bentukan,[28] [S] -i + (<all>)
,,,,,
80327,v,16,menyalamiku,dasar,
80327.1,x,,[meng-:me-] + <nyalamiku>,bentukan,[1] meng- + (l;m;n;ng;ny;r;w;y;[t:n];[p:m];[k:ng];[s:ny]) + (-i;-kan)
80327.2,x,,[meng-:me-] + <salamiku>,bentukan,[1] meng- + (l;m;n;ng;ny;r;w;y;[t:n];[p:m];[k:ng];[s:ny]) + (-i;-kan)
80327.3,x,,<menyalami> + -ku,bentukan,[32] [SFS] -ku + (<all>)
80327.4,x,,[meng-:me-] + <nyalam> + -i + -ku,bentukan,[1] meng- + (l;m;n;ng;ny;r;w;y;[t:n];[p:m];[k:ng];[s:ny]) + (-i;-kan) => [32] [SFS] -ku + (<all>)
80327.5,v,,[meng-:me-] + <salam> + -i + -ku,bentukan,[1] meng- + (l;m;n;ng;ny;r;w;y;[t:n];[p:m];[k:ng];[s:ny]) + (-i;-kan) => [32] [SFS] -ku + (<all>)
80327.6,x,,[meng-:me-] + <nyalami> + -ku,bentukan,[1] meng- + (l;m;n;ng;ny;r;w;y;[t:n];[p:m];[k:ng];[s:ny]) + (-i;-kan) => [32] [SFS] -ku + (<all>)
80327.7,x,,[meng-:me-] + <salami> + -ku,bentukan,[1] meng- + (l;m;n;ng;ny;r;w;y;[t:n];[p:m];[k:ng];[s:ny]) + (-i;-kan) => [32] [SFS] -ku + (<all>)
80327.8,x,,<menyalam> + -i + -ku,bentukan,[28] [S] -i + (<all>) => [32] [SFS] -ku + (<all>)
,,,,,
80328,v,22,menyalaminya,dasar,
80328.1,x,,[meng-:me-] + <nyalaminya>,bentukan,[1] meng- + (l;m;n;ng;ny;r;w;y;[t:n];[p:m];[k:ng];[s:ny]) + (-i;-kan)
80328.2,x,,[meng-:me-] + <salaminya>,bentukan,[1] meng- + (l;m;n;ng;ny;r;w;y;[t:n];[p:m];[k:ng];[s:ny]) + (-i;-kan)
80328.3,x,,<menyalami> + -nya,bentukan,[34] [SFS] -nya + (<all>)
80328.4,x,,[meng-:me-] + <nyalam> + -i + -nya,bentukan,[1] meng- + (l;m;n;ng;ny;r;w;y;[t:n];[p:m];[k:ng];[s:ny]) + (-i;-kan) => [34] [SFS] -nya + (<all>)
80328.5,v,,[meng-:me-] + <salam> + -i + -nya,bentukan,[1] meng- + (l;m;n;ng;ny;r;w;y;[t:n];[p:m];[k:ng];[s:ny]) + (-i;-kan) => [34] [SFS] -nya + (<all>)
80328.6,x,,[meng-:me-] + <nyalami> + -nya,bentukan,[1] meng- + (l;m;n;ng;ny;r;w;y;[t:n];[p:m];[k:ng];[s:ny]) + (-i;-kan) => [34] [SFS] -nya + (<all>)
80328.7,x,,[meng-:me-] + <salami> + -nya,bentukan,[1] meng- + (l;m;n;ng;ny;r;w;y;[t:n];[p:m];[k:ng];[s:ny]) + (-i;-kan) => [34] [SFS] -nya + (<all>)
80328.8,x,,<menyalam> + -i + -nya,bentukan,[28] [S] -i + (<all>) => [34] [SFS] -nya + (<all>)
,,,,,
80329,k,3,menyalang,dasar,
80329.1,x,,[meng-:me-] + <nyalang>,bentukan,[1] meng- + (l;m;n;ng;ny;r;w;y;[t:n];[p:m];[k:ng];[s:ny]) + (-i;-kan)
80329.2,v,,[meng-:me-] + <salang>,bentukan,[1] meng- + (l;m;n;ng;ny;r;w;y;[t:n];[p:m];[k:ng];[s:ny]) + (-i;-kan)
,,,,,
80330,k,0,menyalangkan,dasar,
80330.1,x,,[meng-:me-] + <nyalang> + -kan,bentukan,[1] meng- + (l;m;n;ng;ny;r;w;y;[t:n];[p:m];[k:ng];[s:ny]) + (-i;-kan)
80330.2,v,,[meng-:me-] + <salang> + -kan,bentukan,[1] meng- + (l;m;n;ng;ny;r;w;y;[t:n];[p:m];[k:ng];[s:ny]) + (-i;-kan)
80330.3,x,,[meng-:me-] + <nyalangkan>,bentukan,[1] meng- + (l;m;n;ng;ny;r;w;y;[t:n];[p:m];[k:ng];[s:ny]) + (-i;-kan)
80330.4,x,,[meng-:me-] + <salangkan>,bentukan,[1] meng- + (l;m;n;ng;ny;r;w;y;[t:n];[p:m];[k:ng];[s:ny]) + (-i;-kan)
80330.5,x,,<menyalang> + -kan,bentukan,[29] [S] -kan + (<all>)
80330.6,x,,<menyalangk> + -an,bentukan,[38] [S] -an + (<all>)
,,,,,
80331,v,3,menyalanya,dasar,
80331.1,x,,[meng-:me-] + <nyalanya>,bentukan,[1] meng- + (l;m;n;ng;ny;r;w;y;[t:n];[p:m];[k:ng];[s:ny]) + (-i;-kan)
80331.2,x,,[meng-:me-] + <salanya>,bentukan,[1] meng- + (l;m;n;ng;ny;r;w;y;[t:n];[p:m];[k:ng];[s:ny]) + (-i;-kan)
80331.3,x,,<menyala> + -nya,bentukan,[34] [SFS] -nya + (<all>)
80331.4,v,,[meng-:me-] + <nyala> + -nya,bentukan,[1] meng- + (l;m;n;ng;ny;r;w;y;[t:n];[p:m];[k:ng];[s:ny]) + (-i;-kan) => [34] [SFS] -nya + (<all>)
80331.5,x,,[meng-:me-] + <sala> + -nya,bentukan,[1] meng- + (l;m;n;ng;ny;r;w;y;[t:n];[p:m];[k:ng];[s:ny]) + (-i;-kan) => [34] [SFS] -nya + (<all>)
,,,,,
80332,k,0,menyalati,dasar,
80332.1,x,,[meng-:me-] + <nyalat> + -i,bentukan,[1] meng- + (l;m;n;ng;ny;r;w;y;[t:n];[p:m];[k:ng];[s:ny]) + (-i;-kan)
80332.2,v,,[meng-:me-] + <salat> + -i,bentukan,[1] meng- + (l;m;n;ng;ny;r;w;y;[t:n];[p:m];[k:ng];[s:ny]) + (-i;-kan)
80332.3,x,,[meng-:me-] + <nyalati>,bentukan,[1] meng- + (l;m;n;ng;ny;r;w;y;[t:n];[p:m];[k:ng];[s:ny]) + (-i;-kan)
80332.4,x,,[meng-:me-] + <salati>,bentukan,[1] meng- + (l;m;n;ng;ny;r;w;y;[t:n];[p:m];[k:ng];[s:ny]) + (-i;-kan)
80332.5,x,,<menyalat> + -i,bentukan,[28] [S] -i + (<all>)
,,,,,
80333,k,4,menyalatkan,dasar,
80333.1,x,,[meng-:me-] + <nyalat> + -kan,bentukan,[1] meng- + (l;m;n;ng;ny;r;w;y;[t:n];[p:m];[k:ng];[s:ny]) + (-i;-kan)
80333.2,v,,[meng-:me-] + <salat> + -kan,bentukan,[1] meng- + (l;m;n;ng;ny;r;w;y;[t:n];[p:m];[k:ng];[s:ny]) + (-i;-kan)
80333.3,x,,[meng-:me-] + <nyalatkan>,bentukan,[1] meng- + (l;m;n;ng;ny;r;w;y;[t:n];[p:m];[k:ng];[s:ny]) + (-i;-kan)
80333.4,x,,[meng-:me-] + <salatkan>,bentukan,[1] meng- + (l;m;n;ng;ny;r;w;y;[t:n];[p:m];[k:ng];[s:ny]) + (-i;-kan)
80333.5,x,,<menyalat> + -kan,bentukan,[29] [S] -kan + (<all>)
80333.6,x,,<menyalatk> + -an,bentukan,[38] [S] -an + (<all>)
,,,,,
80334,v,3,menyalatkannya,dasar,
80334.1,x,,[meng-:me-] + <nyalatkannya>,bentukan,[1] meng- + (l;m;n;ng;ny;r;w;y;[t:n];[p:m];[k:ng];[s:ny]) + (-i;-kan)
80334.2,x,,[meng-:me-] + <salatkannya>,bentukan,[1] meng- + (l;m;n;ng;ny;r;w;y;[t:n];[p:m];[k:ng];[s:ny]) + (-i;-kan)
80334.3,x,,<menyalatkan> + -nya,bentukan,[34] [SFS] -nya + (<all>)
80334.4,x,,[meng-:me-] + <nyalat> + -kan + -nya,bentukan,[1] meng- + (l;m;n;ng;ny;r;w;y;[t:n];[p:m];[k:ng];[s:ny]) + (-i;-kan) => [34] [SFS] -nya + (<all>)
80334.5,v,,[meng-:me-] + <salat> + -kan + -nya,bentukan,[1] meng- + (l;m;n;ng;ny;r;w;y;[t:n];[p:m];[k:ng];[s:ny]) + (-i;-kan) => [34] [SFS] -nya + (<all>)
80334.6,x,,[meng-:me-] + <nyalatkan> + -nya,bentukan,[1] meng- + (l;m;n;ng;ny;r;w;y;[t:n];[p:m];[k:ng];[s:ny]) + (-i;-kan) => [34] [SFS] -nya + (<all>)
80334.7,x,,[meng-:me-] + <salatkan> + -nya,bentukan,[1] meng- + (l;m;n;ng;ny;r;w;y;[t:n];[p:m];[k:ng];[s:ny]) + (-i;-kan) => [34] [SFS] -nya + (<all>)
80334.8,x,,<menyalat> + -kan + -nya,bentukan,[29] [S] -kan + (<all>) => [34] [SFS] -nya + (<all>)
80334.9,x,,<menyalatk> + -an + -nya,bentukan,[38] [S] -an + (<all>) => [34] [SFS] -nya + (<all>)
,,,,,
80335,k,0,menyalep,dasar,
80335.1,x,,[meng-:me-] + <nyalep>,bentukan,[1] meng- + (l;m;n;ng;ny;r;w;y;[t:n];[p:m];[k:ng];[s:ny]) + (-i;-kan)
80335.2,v,,[meng-:me-] + <salep>,bentukan,[1] meng- + (l;m;n;ng;ny;r;w;y;[t:n];[p:m];[k:ng];[s:ny]) + (-i;-kan)
,,,,,
80336,k,2,menyalib,dasar,
80336.1,x,,[meng-:me-] + <nyalib>,bentukan,[1] meng- + (l;m;n;ng;ny;r;w;y;[t:n];[p:m];[k:ng];[s:ny]) + (-i;-kan)
80336.2,v,,[meng-:me-] + <salib>,bentukan,[1] meng- + (l;m;n;ng;ny;r;w;y;[t:n];[p:m];[k:ng];[s:ny]) + (-i;-kan)
,,,,,
80337,k,0,menyalibkan,dasar,
80337.1,x,,[meng-:me-] + <nyalib> + -kan,bentukan,[1] meng- + (l;m;n;ng;ny;r;w;y;[t:n];[p:m];[k:ng];[s:ny]) + (-i;-kan)
80337.2,v,,[meng-:me-] + <salib> + -kan,bentukan,[1] meng- + (l;m;n;ng;ny;r;w;y;[t:n];[p:m];[k:ng];[s:ny]) + (-i;-kan)
80337.3,x,,[meng-:me-] + <nyalibkan>,bentukan,[1] meng- + (l;m;n;ng;ny;r;w;y;[t:n];[p:m];[k:ng];[s:ny]) + (-i;-kan)
80337.4,x,,[meng-:me-] + <salibkan>,bentukan,[1] meng- + (l;m;n;ng;ny;r;w;y;[t:n];[p:m];[k:ng];[s:ny]) + (-i;-kan)
80337.5,x,,<menyalib> + -kan,bentukan,[29] [S] -kan + (<all>)
80337.6,x,,<menyalibk> + -an,bentukan,[38] [S] -an + (<all>)
,,,,,
80338,v,2,menyalibku,dasar,
80338.1,x,,[meng-:me-] + <nyalibku>,bentukan,[1] meng- + (l;m;n;ng;ny;r;w;y;[t:n];[p:m];[k:ng];[s:ny]) + (-i;-kan)
80338.2,x,,[meng-:me-] + <salibku>,bentukan,[1] meng- + (l;m;n;ng;ny;r;w;y;[t:n];[p:m];[k:ng];[s:ny]) + (-i;-kan)
80338.3,x,,<menyalib> + -ku,bentukan,[32] [SFS] -ku + (<all>)
80338.4,x,,[meng-:me-] + <nyalib> + -ku,bentukan,[1] meng- + (l;m;n;ng;ny;r;w;y;[t:n];[p:m];[k:ng];[s:ny]) + (-i;-kan) => [32] [SFS] -ku + (<all>)
80338.5,v,,[meng-:me-] + <salib> + -ku,bentukan,[1] meng- + (l;m;n;ng;ny;r;w;y;[t:n];[p:m];[k:ng];[s:ny]) + (-i;-kan) => [32] [SFS] -ku + (<all>)
,,,,,
80339,k,61,menyalin,dasar,
80339.1,x,,[meng-:me-] + <nyalin>,bentukan,[1] meng- + (l;m;n;ng;ny;r;w;y;[t:n];[p:m];[k:ng];[s:ny]) + (-i;-kan)
80339.2,v,,[meng-:me-] + <salin>,bentukan,[1] meng- + (l;m;n;ng;ny;r;w;y;[t:n];[p:m];[k:ng];[s:ny]) + (-i;-kan)
,,,,,
80340,k,0,menyalini,dasar,
80340.1,x,,[meng-:me-] + <nyalin> + -i,bentukan,[1] meng- + (l;m;n;ng;ny;r;w;y;[t:n];[p:m];[k:ng];[s:ny]) + (-i;-kan)
80340.2,v,,[meng-:me-] + <salin> + -i,bentukan,[1] meng- + (l;m;n;ng;ny;r;w;y;[t:n];[p:m];[k:ng];[s:ny]) + (-i;-kan)
80340.3,x,,[meng-:me-] + <nyalini>,bentukan,[1] meng- + (l;m;n;ng;ny;r;w;y;[t:n];[p:m];[k:ng];[s:ny]) + (-i;-kan)
80340.4,x,,[meng-:me-] + <salini>,bentukan,[1] meng- + (l;m;n;ng;ny;r;w;y;[t:n];[p:m];[k:ng];[s:ny]) + (-i;-kan)
80340.5,x,,<menyalin> + -i,bentukan,[28] [S] -i + (<all>)
,,,,,
80341,k,0,menyalinkan,dasar,
80341.1,x,,[meng-:me-] + <nyalin> + -kan,bentukan,[1] meng- + (l;m;n;ng;ny;r;w;y;[t:n];[p:m];[k:ng];[s:ny]) + (-i;-kan)
80341.2,v,,[meng-:me-] + <salin> + -kan,bentukan,[1] meng- + (l;m;n;ng;ny;r;w;y;[t:n];[p:m];[k:ng];[s:ny]) + (-i;-kan)
80341.3,x,,[meng-:me-] + <nyalinkan>,bentukan,[1] meng- + (l;m;n;ng;ny;r;w;y;[t:n];[p:m];[k:ng];[s:ny]) + (-i;-kan)
80341.4,x,,[meng-:me-] + <salinkan>,bentukan,[1] meng- + (l;m;n;ng;ny;r;w;y;[t:n];[p:m];[k:ng];[s:ny]) + (-i;-kan)
80341.5,x,,<menyalin> + -kan,bentukan,[29] [S] -kan + (<all>)
80341.6,x,,<menyalink> + -an,bentukan,[38] [S] -an + (<all>)
,,,,,
80342,k,89,menyalip,dasar,
80342.1,x,,[meng-:me-] + <nyalip>,bentukan,[1] meng- + (l;m;n;ng;ny;r;w;y;[t:n];[p:m];[k:ng];[s:ny]) + (-i;-kan)
80342.2,v,,[meng-:me-] + <salip>,bentukan,[1] meng- + (l;m;n;ng;ny;r;w;y;[t:n];[p:m];[k:ng];[s:ny]) + (-i;-kan)
,,,,,
80343,v,3,menyalipnya,dasar,
80343.1,x,,[meng-:me-] + <nyalipnya>,bentukan,[1] meng- + (l;m;n;ng;ny;r;w;y;[t:n];[p:m];[k:ng];[s:ny]) + (-i;-kan)
80343.2,x,,[meng-:me-] + <salipnya>,bentukan,[1] meng- + (l;m;n;ng;ny;r;w;y;[t:n];[p:m];[k:ng];[s:ny]) + (-i;-kan)
80343.3,x,,<menyalip> + -nya,bentukan,[34] [SFS] -nya + (<all>)
80343.4,x,,[meng-:me-] + <nyalip> + -nya,bentukan,[1] meng- + (l;m;n;ng;ny;r;w;y;[t:n];[p:m];[k:ng];[s:ny]) + (-i;-kan) => [34] [SFS] -nya + (<all>)
80343.5,v,,[meng-:me-] + <salip> + -nya,bentukan,[1] meng- + (l;m;n;ng;ny;r;w;y;[t:n];[p:m];[k:ng];[s:ny]) + (-i;-kan) => [34] [SFS] -nya + (<all>)
,,,,,
80344,k,0,menyalir,dasar,
80344.1,x,,[meng-:me-] + <nyalir>,bentukan,[1] meng- + (l;m;n;ng;ny;r;w;y;[t:n];[p:m];[k:ng];[s:ny]) + (-i;-kan)
80344.2,v,,[meng-:me-] + <salir>,bentukan,[1] meng- + (l;m;n;ng;ny;r;w;y;[t:n];[p:m];[k:ng];[s:ny]) + (-i;-kan)
,,,,,
80345,k,0,menyalju,dasar,
80345.1,x,,[meng-:me-] + <nyalju>,bentukan,[1] meng- + (l;m;n;ng;ny;r;w;y;[t:n];[p:m];[k:ng];[s:ny]) + (-i;-kan)
80345.2,v,,[meng-:me-] + <salju>,bentukan,[1] meng- + (l;m;n;ng;ny;r;w;y;[t:n];[p:m];[k:ng];[s:ny]) + (-i;-kan)
,,,,,
80346,k,0,menyalonkan,dasar,
80346.1,x,,[meng-:me-] + <nyalon> + -kan,bentukan,[1] meng- + (l;m;n;ng;ny;r;w;y;[t:n];[p:m];[k:ng];[s:ny]) + (-i;-kan)
80346.2,v,,[meng-:me-] + <salon> + -kan,bentukan,[1] meng- + (l;m;n;ng;ny;r;w;y;[t:n];[p:m];[k:ng];[s:ny]) + (-i;-kan)
80346.3,x,,[meng-:me-] + <nyalonkan>,bentukan,[1] meng- + (l;m;n;ng;ny;r;w;y;[t:n];[p:m];[k:ng];[s:ny]) + (-i;-kan)
80346.4,x,,[meng-:me-] + <salonkan>,bentukan,[1] meng- + (l;m;n;ng;ny;r;w;y;[t:n];[p:m];[k:ng];[s:ny]) + (-i;-kan)
80346.5,x,,<menyalon> + -kan,bentukan,[29] [S] -kan + (<all>)
80346.6,x,,<menyalonk> + -an,bentukan,[38] [S] -an + (<all>)
,,,,,
80347,k,0,menyaluir,dasar,
80347.1,x,,[meng-:me-] + <nyaluir>,bentukan,[1] meng- + (l;m;n;ng;ny;r;w;y;[t:n];[p:m];[k:ng];[s:ny]) + (-i;-kan)
80347.2,v,,[meng-:me-] + <saluir>,bentukan,[1] meng- + (l;m;n;ng;ny;r;w;y;[t:n];[p:m];[k:ng];[s:ny]) + (-i;-kan)
,,,,,
80348,k,564,menyalurkan,dasar,
80348.1,x,,[meng-:me-] + <nyalur> + -kan,bentukan,[1] meng- + (l;m;n;ng;ny;r;w;y;[t:n];[p:m];[k:ng];[s:ny]) + (-i;-kan)
80348.2,v,,[meng-:me-] + <salur> + -kan,bentukan,[1] meng- + (l;m;n;ng;ny;r;w;y;[t:n];[p:m];[k:ng];[s:ny]) + (-i;-kan)
80348.3,x,,[meng-:me-] + <nyalurkan>,bentukan,[1] meng- + (l;m;n;ng;ny;r;w;y;[t:n];[p:m];[k:ng];[s:ny]) + (-i;-kan)
80348.4,x,,[meng-:me-] + <salurkan>,bentukan,[1] meng- + (l;m;n;ng;ny;r;w;y;[t:n];[p:m];[k:ng];[s:ny]) + (-i;-kan)
80348.5,x,,<menyalur> + -kan,bentukan,[29] [S] -kan + (<all>)
80348.6,x,,<menyalurk> + -an,bentukan,[38] [S] -an + (<all>)
,,,,,
80349,v,33,menyalurkannya,dasar,
80349.1,x,,[meng-:me-] + <nyalurkannya>,bentukan,[1] meng- + (l;m;n;ng;ny;r;w;y;[t:n];[p:m];[k:ng];[s:ny]) + (-i;-kan)
80349.2,x,,[meng-:me-] + <salurkannya>,bentukan,[1] meng- + (l;m;n;ng;ny;r;w;y;[t:n];[p:m];[k:ng];[s:ny]) + (-i;-kan)
80349.3,x,,<menyalurkan> + -nya,bentukan,[34] [SFS] -nya + (<all>)
80349.4,x,,[meng-:me-] + <nyalur> + -kan + -nya,bentukan,[1] meng- + (l;m;n;ng;ny;r;w;y;[t:n];[p:m];[k:ng];[s:ny]) + (-i;-kan) => [34] [SFS] -nya + (<all>)
80349.5,v,,[meng-:me-] + <salur> + -kan + -nya,bentukan,[1] meng- + (l;m;n;ng;ny;r;w;y;[t:n];[p:m];[k:ng];[s:ny]) + (-i;-kan) => [34] [SFS] -nya + (<all>)
80349.6,x,,[meng-:me-] + <nyalurkan> + -nya,bentukan,[1] meng- + (l;m;n;ng;ny;r;w;y;[t:n];[p:m];[k:ng];[s:ny]) + (-i;-kan) => [34] [SFS] -nya + (<all>)
80349.7,x,,[meng-:me-] + <salurkan> + -nya,bentukan,[1] meng- + (l;m;n;ng;ny;r;w;y;[t:n];[p:m];[k:ng];[s:ny]) + (-i;-kan) => [34] [SFS] -nya + (<all>)
80349.8,x,,<menyalur> + -kan + -nya,bentukan,[29] [S] -kan + (<all>) => [34] [SFS] -nya + (<all>)
80349.9,x,,<menyalurk> + -an + -nya,bentukan,[38] [S] -an + (<all>) => [34] [SFS] -nya + (<all>)
,,,,,
80350,k,2,menyalut,dasar,
80350.1,x,,[meng-:me-] + <nyalut>,bentukan,[1] meng- + (l;m;n;ng;ny;r;w;y;[t:n];[p:m];[k:ng];[s:ny]) + (-i;-kan)
80350.2,v,,[meng-:me-] + <salut>,bentukan,[1] meng- + (l;m;n;ng;ny;r;w;y;[t:n];[p:m];[k:ng];[s:ny]) + (-i;-kan)
,,,,,
80351,k,2,menyaluti,dasar,
80351.1,x,,[meng-:me-] + <nyalut> + -i,bentukan,[1] meng- + (l;m;n;ng;ny;r;w;y;[t:n];[p:m];[k:ng];[s:ny]) + (-i;-kan)
80351.2,v,,[meng-:me-] + <salut> + -i,bentukan,[1] meng- + (l;m;n;ng;ny;r;w;y;[t:n];[p:m];[k:ng];[s:ny]) + (-i;-kan)
80351.3,x,,[meng-:me-] + <nyaluti>,bentukan,[1] meng- + (l;m;n;ng;ny;r;w;y;[t:n];[p:m];[k:ng];[s:ny]) + (-i;-kan)
80351.4,x,,[meng-:me-] + <saluti>,bentukan,[1] meng- + (l;m;n;ng;ny;r;w;y;[t:n];[p:m];[k:ng];[s:ny]) + (-i;-kan)
80351.5,x,,<menyalut> + -i,bentukan,[28] [S] -i + (<all>)
,,,,,
80352,k,0,menyama-nyama,dasar,
80352.1,x,,[meng-:me-] + <nyama> [-] <r>,bentukan,[1] meng- + (l;m;n;ng;ny;r;w;y;[t:n];[p:m];[k:ng];[s:ny]) + (-i;-kan) => [25] [RD] meng-|
80352.2,v,,[meng-:me-] + <sama> [-] <r>,bentukan,[1] meng- + (l;m;n;ng;ny;r;w;y;[t:n];[p:m];[k:ng];[s:ny]) + (-i;-kan) => [25] [RD] meng-|
,,,,,
80353,k,2,menyama-nyamai,dasar,
80353.1,x,,[meng-:me-] + <nyama> [-] <r> + -i,bentukan,[1] meng- + (l;m;n;ng;ny;r;w;y;[t:n];[p:m];[k:ng];[s:ny]) + (-i;-kan) => [25] [RD] meng-|
80353.2,v,,[meng-:me-] + <sama> [-] <r> + -i,bentukan,[1] meng- + (l;m;n;ng;ny;r;w;y;[t:n];[p:m];[k:ng];[s:ny]) + (-i;-kan) => [25] [RD] meng-|
,,,,,
80354,k,166,menyamai,dasar,
80354.1,x,,[meng-:me-] + <nyama> + -i,bentukan,[1] meng- + (l;m;n;ng;ny;r;w;y;[t:n];[p:m];[k:ng];[s:ny]) + (-i;-kan)
80354.2,v,,[meng-:me-] + <sama> + -i,bentukan,[1] meng- + (l;m;n;ng;ny;r;w;y;[t:n];[p:m];[k:ng];[s:ny]) + (-i;-kan)
80354.3,x,,[meng-:me-] + <nyamai>,bentukan,[1] meng- + (l;m;n;ng;ny;r;w;y;[t:n];[p:m];[k:ng];[s:ny]) + (-i;-kan)
80354.4,x,,[meng-:me-] + <samai>,bentukan,[1] meng- + (l;m;n;ng;ny;r;w;y;[t:n];[p:m];[k:ng];[s:ny]) + (-i;-kan)
80354.5,x,,<menyama> + -i,bentukan,[28] [S] -i + (<all>)
,,,,,
80355,v,8,menyamainya,dasar,
80355.1,x,,[meng-:me-] + <nyamainya>,bentukan,[1] meng- + (l;m;n;ng;ny;r;w;y;[t:n];[p:m];[k:ng];[s:ny]) + (-i;-kan)
80355.2,x,,[meng-:me-] + <samainya>,bentukan,[1] meng- + (l;m;n;ng;ny;r;w;y;[t:n];[p:m];[k:ng];[s:ny]) + (-i;-kan)
80355.3,x,,<menyamai> + -nya,bentukan,[34] [SFS] -nya + (<all>)
80355.4,x,,[meng-:me-] + <nyama> + -i + -nya,bentukan,[1] meng- + (l;m;n;ng;ny;r;w;y;[t:n];[p:m];[k:ng];[s:ny]) + (-i;-kan) => [34] [SFS] -nya + (<all>)
80355.5,v,,[meng-:me-] + <sama> + -i + -nya,bentukan,[1] meng- + (l;m;n;ng;ny;r;w;y;[t:n];[p:m];[k:ng];[s:ny]) + (-i;-kan) => [34] [SFS] -nya + (<all>)
80355.6,x,,[meng-:me-] + <nyamai> + -nya,bentukan,[1] meng- + (l;m;n;ng;ny;r;w;y;[t:n];[p:m];[k:ng];[s:ny]) + (-i;-kan) => [34] [SFS] -nya + (<all>)
80355.7,x,,[meng-:me-] + <samai> + -nya,bentukan,[1] meng- + (l;m;n;ng;ny;r;w;y;[t:n];[p:m];[k:ng];[s:ny]) + (-i;-kan) => [34] [SFS] -nya + (<all>)
80355.8,x,,<menyama> + -i + -nya,bentukan,[28] [S] -i + (<all>) => [34] [SFS] -nya + (<all>)
,,,,,
80356,k,5,menyamak,dasar,
80356.1,x,,[meng-:me-] + <nyamak>,bentukan,[1] meng- + (l;m;n;ng;ny;r;w;y;[t:n];[p:m];[k:ng];[s:ny]) + (-i;-kan)
80356.2,v,,[meng-:me-] + <samak>,bentukan,[1] meng- + (l;m;n;ng;ny;r;w;y;[t:n];[p:m];[k:ng];[s:ny]) + (-i;-kan)
,,,,,
80357,k,311,menyamakan,dasar,
80357.1,x,,[meng-:me-] + <nyama> + -kan,bentukan,[1] meng- + (l;m;n;ng;ny;r;w;y;[t:n];[p:m];[k:ng];[s:ny]) + (-i;-kan)
80357.2,v,,[meng-:me-] + <sama> + -kan,bentukan,[1] meng- + (l;m;n;ng;ny;r;w;y;[t:n];[p:m];[k:ng];[s:ny]) + (-i;-kan)
80357.3,x,,[meng-:me-] + <nyamakan>,bentukan,[1] meng- + (l;m;n;ng;ny;r;w;y;[t:n];[p:m];[k:ng];[s:ny]) + (-i;-kan)
80357.4,x,,[meng-:me-] + <samakan>,bentukan,[1] meng- + (l;m;n;ng;ny;r;w;y;[t:n];[p:m];[k:ng];[s:ny]) + (-i;-kan)
80357.5,x,,<menyama> + -kan,bentukan,[29] [S] -kan + (<all>)
80357.6,x,,<menyamak> + -an,bentukan,[38] [S] -an + (<all>)
,,,,,
80358,v,12,menyamakannya,dasar,
80358.1,x,,[meng-:me-] + <nyamakannya>,bentukan,[1] meng- + (l;m;n;ng;ny;r;w;y;[t:n];[p:m];[k:ng];[s:ny]) + (-i;-kan)
80358.2,x,,[meng-:me-] + <samakannya>,bentukan,[1] meng- + (l;m;n;ng;ny;r;w;y;[t:n];[p:m];[k:ng];[s:ny]) + (-i;-kan)
80358.3,x,,<menyamakan> + -nya,bentukan,[34] [SFS] -nya + (<all>)
80358.4,x,,[meng-:me-] + <nyama> + -kan + -nya,bentukan,[1] meng- + (l;m;n;ng;ny;r;w;y;[t:n];[p:m];[k:ng];[s:ny]) + (-i;-kan) => [34] [SFS] -nya + (<all>)
80358.5,v,,[meng-:me-] + <sama> + -kan + -nya,bentukan,[1] meng- + (l;m;n;ng;ny;r;w;y;[t:n];[p:m];[k:ng];[s:ny]) + (-i;-kan) => [34] [SFS] -nya + (<all>)
80358.6,x,,[meng-:me-] + <nyamakan> + -nya,bentukan,[1] meng- + (l;m;n;ng;ny;r;w;y;[t:n];[p:m];[k:ng];[s:ny]) + (-i;-kan) => [34] [SFS] -nya + (<all>)
80358.7,x,,[meng-:me-] + <samakan> + -nya,bentukan,[1] meng- + (l;m;n;ng;ny;r;w;y;[t:n];[p:m];[k:ng];[s:ny]) + (-i;-kan) => [34] [SFS] -nya + (<all>)
80358.8,x,,<menyama> + -kan + -nya,bentukan,[29] [S] -kan + (<all>) => [34] [SFS] -nya + (<all>)
80358.9,x,,<menyamak> + -an + -nya,bentukan,[38] [S] -an + (<all>) => [34] [SFS] -nya + (<all>)
,,,,,
80359,k,0,menyamakkan,dasar,
80359.1,x,,[meng-:me-] + <nyamak> + -kan,bentukan,[1] meng- + (l;m;n;ng;ny;r;w;y;[t:n];[p:m];[k:ng];[s:ny]) + (-i;-kan)
80359.2,v,,[meng-:me-] + <samak> + -kan,bentukan,[1] meng- + (l;m;n;ng;ny;r;w;y;[t:n];[p:m];[k:ng];[s:ny]) + (-i;-kan)
80359.3,x,,[meng-:me-] + <nyamakkan>,bentukan,[1] meng- + (l;m;n;ng;ny;r;w;y;[t:n];[p:m];[k:ng];[s:ny]) + (-i;-kan)
80359.4,x,,[meng-:me-] + <samakkan>,bentukan,[1] meng- + (l;m;n;ng;ny;r;w;y;[t:n];[p:m];[k:ng];[s:ny]) + (-i;-kan)
80359.5,x,,<menyamak> + -kan,bentukan,[29] [S] -kan + (<all>)
80359.6,x,,<menyamakk> + -an,bentukan,[38] [S] -an + (<all>)
,,,,,
80360,k,2,menyaman,dasar,
80360.1,x,,[meng-:me-] + <nyaman>,bentukan,[1] meng- + (l;m;n;ng;ny;r;w;y;[t:n];[p:m];[k:ng];[s:ny]) + (-i;-kan)
80360.2,v,,[meng-:me-] + <saman>,bentukan,[1] meng- + (l;m;n;ng;ny;r;w;y;[t:n];[p:m];[k:ng];[s:ny]) + (-i;-kan)
80360.3,x,,<menyam> + -an,bentukan,[38] [S] -an + (<all>)
,,,,,
80361,k,4,menyamankan,dasar,
80361.1,x,,[meng-:me-] + <nyaman> + -kan,bentukan,[1] meng- + (l;m;n;ng;ny;r;w;y;[t:n];[p:m];[k:ng];[s:ny]) + (-i;-kan)
80361.2,v,,[meng-:me-] + <saman> + -kan,bentukan,[1] meng- + (l;m;n;ng;ny;r;w;y;[t:n];[p:m];[k:ng];[s:ny]) + (-i;-kan)
80361.3,x,,[meng-:me-] + <nyamankan>,bentukan,[1] meng- + (l;m;n;ng;ny;r;w;y;[t:n];[p:m];[k:ng];[s:ny]) + (-i;-kan)
80361.4,x,,[meng-:me-] + <samankan>,bentukan,[1] meng- + (l;m;n;ng;ny;r;w;y;[t:n];[p:m];[k:ng];[s:ny]) + (-i;-kan)
80361.5,x,,<menyaman> + -kan,bentukan,[29] [S] -kan + (<all>)
80361.6,x,,<menyamank> + -an,bentukan,[38] [S] -an + (<all>)
,,,,,
80362,k,96,menyamar,dasar,
80362.1,x,,[meng-:me-] + <nyamar>,bentukan,[1] meng- + (l;m;n;ng;ny;r;w;y;[t:n];[p:m];[k:ng];[s:ny]) + (-i;-kan)
80362.2,v,,[meng-:me-] + <samar>,bentukan,[1] meng- + (l;m;n;ng;ny;r;w;y;[t:n];[p:m];[k:ng];[s:ny]) + (-i;-kan)
,,,,,
80363,k,30,menyamaratakan,dasar,
80363.1,x,,[meng-:me-] + <nyamarata> + -kan,bentukan,[1] meng- + (l;m;n;ng;ny;r;w;y;[t:n];[p:m];[k:ng];[s:ny]) + (-i;-kan)
80363.2,v,,[meng-:me-] + <samarata> + -kan,bentukan,[1] meng- + (l;m;n;ng;ny;r;w;y;[t:n];[p:m];[k:ng];[s:ny]) + (-i;-kan)
80363.3,x,,[meng-:me-] + <nyamaratakan>,bentukan,[1] meng- + (l;m;n;ng;ny;r;w;y;[t:n];[p:m];[k:ng];[s:ny]) + (-i;-kan)
80363.4,x,,[meng-:me-] + <samaratakan>,bentukan,[1] meng- + (l;m;n;ng;ny;r;w;y;[t:n];[p:m];[k:ng];[s:ny]) + (-i;-kan)
80363.5,x,,<menyamarata> + -kan,bentukan,[29] [S] -kan + (<all>)
80363.6,x,,<menyamaratak> + -an,bentukan,[38] [S] -an + (<all>)
,,,,,
80364,k,87,menyamarkan,dasar,
80364.1,x,,[meng-:me-] + <nyamar> + -kan,bentukan,[1] meng- + (l;m;n;ng;ny;r;w;y;[t:n];[p:m];[k:ng];[s:ny]) + (-i;-kan)
80364.2,v,,[meng-:me-] + <samar> + -kan,bentukan,[1] meng- + (l;m;n;ng;ny;r;w;y;[t:n];[p:m];[k:ng];[s:ny]) + (-i;-kan)
80364.3,x,,[meng-:me-] + <nyamarkan>,bentukan,[1] meng- + (l;m;n;ng;ny;r;w;y;[t:n];[p:m];[k:ng];[s:ny]) + (-i;-kan)
80364.4,x,,[meng-:me-] + <samarkan>,bentukan,[1] meng- + (l;m;n;ng;ny;r;w;y;[t:n];[p:m];[k:ng];[s:ny]) + (-i;-kan)
80364.5,x,,<menyamar> + -kan,bentukan,[29] [S] -kan + (<all>)
80364.6,x,,<menyamark> + -an,bentukan,[38] [S] -an + (<all>)
