Nomor,KP,Jumlah,Entri,Tipe,Pembentukan
100944,v,164,permasalahannya,dasar,
100944.1,x,,per- + <masalahannya>,bentukan,[19] per- + (<others>) + (-i;-an;-kan)
100944.2,x,,<permasalahan> + -nya,bentukan,[34] [SFS] -nya + (<all>)
100944.3,v,,per- + <masalah> + -an + -nya,bentukan,[19] per- + (<others>) + (-i;-an;-kan) => [34] [SFS] -nya + (<all>)
100944.4,x,,per- + <masalahan> + -nya,bentukan,[19] per- + (<others>) + (-i;-an;-kan) => [34] [SFS] -nya + (<all>)
100944.5,x,,<permasalah> + -an + -nya,bentukan,[38] [S] -an + (<all>) => [34] [SFS] -nya + (<all>)
,,,,,
100945,v,11,permasalahkan,dasar,
100945.1,x,,per- + <masalahk> + -an,bentukan,[19] per- + (<others>) + (-i;-an;-kan)
100945.2,v,,per- + <masalah> + -kan,bentukan,[19] per- + (<others>) + (-i;-an;-kan)
100945.3,x,,per- + <masalahkan>,bentukan,[19] per- + (<others>) + (-i;-an;-kan)
100945.4,x,,<permasalah> + -kan,bentukan,[29] [S] -kan + (<all>)
100945.5,x,,<permasalahk> + -an,bentukan,[38] [S] -an + (<all>)
,,,,,
100946,x,0,permasalhkan,dasar,
100946.1,x,,per- + <masalhk> + -an,bentukan,[19] per- + (<others>) + (-i;-an;-kan)
100946.2,x,,per- + <masalh> + -kan,bentukan,[19] per- + (<others>) + (-i;-an;-kan)
100946.3,x,,per- + <masalhkan>,bentukan,[19] per- + (<others>) + (-i;-an;-kan)
100946.4,x,,<permasalh> + -kan,bentukan,[29] [S] -kan + (<all>)
100946.5,x,,<permasalhk> + -an,bentukan,[38] [S] -an + (<all>)
,,,,,
100947,k,0,permasan,dasar,
100947.1,x,,per- + <mas> + -an,bentukan,[19] per- + (<others>) + (-i;-an;-kan)
100947.2,x,,per- + <masan>,bentukan,[19] per- + (<others>) + (-i;-an;-kan)
100947.3,x,,<permas> + -an,bentukan,[38] [S] -an + (<all>)
,,,,,
100948,k,0,permasjidan,dasar,
100948.1,v,,per- + <masjid> + -an,bentukan,[19] per- + (<others>) + (-i;-an;-kan)
100948.2,x,,per- + <masjidan>,bentukan,[19] per- + (<others>) + (-i;-an;-kan)
100948.3,x,,<permasjid> + -an,bentukan,[38] [S] -an + (<all>)
,,,,,
100949,t,2,permasuri,dasar,permaisuri
100949.1,x,,per- + <masur> + -i,bentukan,[19] per- + (<others>) + (-i;-an;-kan)
100949.2,x,,per- + <masuri>,bentukan,[19] per- + (<others>) + (-i;-an;-kan)
100949.3,x,,<permasur> + -i,bentukan,[28] [S] -i + (<all>)
,,,,,
100950,k,12,permasyarakatan,dasar,
100950.1,v,,per- + <masyarakat> + -an,bentukan,[19] per- + (<others>) + (-i;-an;-kan)
100950.2,x,,per- + <masyarakatan>,bentukan,[19] per- + (<others>) + (-i;-an;-kan)
100950.3,x,,<permasyarakat> + -an,bentukan,[38] [S] -an + (<all>)
,,,,,
100951,k,171,permata,dasar,
100951.1,x,,per- + <mata>,bentukan,[19] per- + (<others>) + (-i;-an;-kan)
,,,,,
100952,k,0,permata malam,dasar,
100952.1,x,,per- + <mata malam>,bentukan,[19] per- + (<others>) + (-i;-an;-kan)
,,,,,
100953,v,3,permataku,dasar,
100953.1,x,,per- + <mataku>,bentukan,[19] per- + (<others>) + (-i;-an;-kan)
100953.2,v,,<permata> + -ku,bentukan,[32] [SFS] -ku + (<all>)
100953.3,x,,per- + <mata> + -ku,bentukan,[19] per- + (<others>) + (-i;-an;-kan) => [32] [SFS] -ku + (<all>)
,,,,,
100954,k,0,permautan,dasar,
100954.1,v,,per- + <maut> + -an,bentukan,[19] per- + (<others>) + (-i;-an;-kan)
100954.2,x,,per- + <mautan>,bentukan,[19] per- + (<others>) + (-i;-an;-kan)
100954.3,x,,<permaut> + -an,bentukan,[38] [S] -an + (<all>)
,,,,,
100955,k,6,permeabel,dasar,
100955.1,x,,per- + <meabel>,bentukan,[19] per- + (<others>) + (-i;-an;-kan)
,,,,,
100956,v,2,permeabilisasi,dasar,
100956.1,x,,per- + <meabilisas> + -i,bentukan,[19] per- + (<others>) + (-i;-an;-kan)
100956.2,x,,per- + <meabilisasi>,bentukan,[19] per- + (<others>) + (-i;-an;-kan)
100956.3,x,,<permeabilisas> + -i,bentukan,[28] [S] -i + (<all>)
100956.4,x,,<permeabili> + [-isasi:-sasi],bentukan,[166] [S] -isasi + (i)
100956.5,x,,<permeabilis> + [-isasi:-asi],bentukan,[167] [S] -isasi + (is)
100956.6,x,,<permeabil> + -isasi,bentukan,[169] [S] -isasi + (<others>)
,,,,,
100957,k,66,permeabilitas,dasar,
100957.1,x,,per- + <meabilitas>,bentukan,[19] per- + (<others>) + (-i;-an;-kan)
100957.2,x,,<permeabil> + -itas,bentukan,[205] [S] -itas + (<others>)
,,,,,
100958,k,0,permeabilitas membran,dasar,
100958.1,x,,per- + <meabilitas membr> + -an,bentukan,[19] per- + (<others>) + (-i;-an;-kan)
100958.2,x,,per- + <meabilitas membran>,bentukan,[19] per- + (<others>) + (-i;-an;-kan)
100958.3,x,,<permeabilitas membr> + -an,bentukan,[38] [S] -an + (<all>)
,,,,,
100959,v,2,permeabilitasnya,dasar,
100959.1,x,,per- + <meabilitasnya>,bentukan,[19] per- + (<others>) + (-i;-an;-kan)
100959.2,v,,<permeabilitas> + -nya,bentukan,[34] [SFS] -nya + (<all>)
100959.3,x,,per- + <meabilitas> + -nya,bentukan,[19] per- + (<others>) + (-i;-an;-kan) => [34] [SFS] -nya + (<all>)
100959.4,x,,<permeabil> + -itas + -nya,bentukan,[205] [S] -itas + (<others>) => [34] [SFS] -nya + (<all>)
,,,,,
100960,v,2,permealibitas,dasar,
100960.1,x,,per- + <mealibitas>,bentukan,[19] per- + (<others>) + (-i;-an;-kan)
100960.2,x,,<permealib> + -itas,bentukan,[205] [S] -itas + (<others>)
,,,,,
100961,k,0,permean,dasar,
100961.1,x,,per- + <me> + -an,bentukan,[19] per- + (<others>) + (-i;-an;-kan)
100961.2,x,,per- + <mean>,bentukan,[19] per- + (<others>) + (-i;-an;-kan)
100961.3,x,,<perme> + -an,bentukan,[38] [S] -an + (<all>)
,,,,,
100962,v,2,permeasi,dasar,
100962.1,x,,per- + <meas> + -i,bentukan,[19] per- + (<others>) + (-i;-an;-kan)
100962.2,x,,per- + <measi>,bentukan,[19] per- + (<others>) + (-i;-an;-kan)
100962.3,x,,<permeas> + -i,bentukan,[28] [S] -i + (<all>)
,,,,,
100963,v,3,permeat,dasar,
100963.1,x,,per- + <meat>,bentukan,[19] per- + (<others>) + (-i;-an;-kan)
,,,,,
100964,v,3,permebelan,dasar,
100964.1,v,,per- + <mebel> + -an,bentukan,[19] per- + (<others>) + (-i;-an;-kan)
100964.2,x,,per- + <mebelan>,bentukan,[19] per- + (<others>) + (-i;-an;-kan)
100964.3,x,,<permebel> + -an,bentukan,[38] [S] -an + (<all>)
,,,,,
100965,v,2,permebilitas,dasar,
100965.1,x,,per- + <mebilitas>,bentukan,[19] per- + (<others>) + (-i;-an;-kan)
100965.2,x,,<permebil> + -itas,bentukan,[205] [S] -itas + (<others>)
,,,,,
100966,k,268,permen,dasar,
100966.1,x,,per- + <men>,bentukan,[19] per- + (<others>) + (-i;-an;-kan)
,,,,,
100967,k,0,permen kapas,dasar,
100967.1,x,,per- + <men kapas>,bentukan,[19] per- + (<others>) + (-i;-an;-kan)
,,,,,
100968,v,2,permen-permen,dasar,
100968.1,v,,<permen> [-] <r>,bentukan,[23] [RD] |
100968.2,x,,per- + <men> [-] per- + <r>,bentukan,[19] per- + (<others>) + (-i;-an;-kan) => [23] [RD] |
,,,,,
100969,t,4,permenit,dasar,per menit
100969.1,x,,per- + <menit>,bentukan,[19] per- + (<others>) + (-i;-an;-kan)
,,,,,
100970,t,2,permenkaret,dasar,permen karet
100970.1,x,,per- + <menkaret>,bentukan,[19] per- + (<others>) + (-i;-an;-kan)
,,,,,
100971,t,2,permenkaretnya,dasar,permen karetnya
100971.1,x,,per- + <menkaretnya>,bentukan,[19] per- + (<others>) + (-i;-an;-kan)
100971.2,x,,<permenkaret> + -nya,bentukan,[34] [SFS] -nya + (<all>)
100971.3,x,,per- + <menkaret> + -nya,bentukan,[19] per- + (<others>) + (-i;-an;-kan) => [34] [SFS] -nya + (<all>)
,,,,,
100972,k,9,permenungan,dasar,
100972.1,v,,per- + <menung> + -an,bentukan,[19] per- + (<others>) + (-i;-an;-kan)
100972.2,x,,per- + <menungan>,bentukan,[19] per- + (<others>) + (-i;-an;-kan)
100972.3,x,,<permenung> + -an,bentukan,[38] [S] -an + (<all>)
,,,,,
100973,k,70,permesinan,dasar,
100973.1,v,,per- + <mesin> + -an,bentukan,[19] per- + (<others>) + (-i;-an;-kan)
100973.2,x,,per- + <mesinan>,bentukan,[19] per- + (<others>) + (-i;-an;-kan)
100973.3,x,,<permesin> + -an,bentukan,[38] [S] -an + (<all>)
,,,,,
100974,v,15,permesta,dasar,
100974.1,x,,per- + <mesta>,bentukan,[19] per- + (<others>) + (-i;-an;-kan)
,,,,,
100975,k,0,permesuman,dasar,
100975.1,v,,per- + <mesum> + -an,bentukan,[19] per- + (<others>) + (-i;-an;-kan)
100975.2,x,,per- + <mesuman>,bentukan,[19] per- + (<others>) + (-i;-an;-kan)
100975.3,x,,<permesum> + -an,bentukan,[38] [S] -an + (<all>)
,,,,,
100976,k,0,permil,dasar,
100976.1,x,,per- + <mil>,bentukan,[19] per- + (<others>) + (-i;-an;-kan)
,,,,,
100977,t,16,perminggu,dasar,per minggu
100977.1,x,,per- + <minggu>,bentukan,[19] per- + (<others>) + (-i;-an;-kan)
,,,,,
100978,k,2653,permintaan,dasar,
100978.1,v,,per- + <minta> + -an,bentukan,[19] per- + (<others>) + (-i;-an;-kan)
100978.2,x,,per- + <mintaan>,bentukan,[19] per- + (<others>) + (-i;-an;-kan)
100978.3,x,,<perminta> + -an,bentukan,[38] [S] -an + (<all>)
,,,,,
100979,k,0,permintaan agregat,dasar,
100979.1,x,,per- + <mintaan agregat>,bentukan,[19] per- + (<others>) + (-i;-an;-kan)
,,,,,
100980,v,4,permintaan-penawaran,dasar,
,,,,,
100981,v,6,permintaan-permintaan,dasar,
100981.1,x,,<permintaan> [-] <r>,bentukan,[23] [RD] |
100981.2,v,,per- + <minta> + -an [-] per- + <r> + -an,bentukan,[19] per- + (<others>) + (-i;-an;-kan) => [23] [RD] |
100981.3,x,,per- + <mintaan> [-] per- + <r>,bentukan,[19] per- + (<others>) + (-i;-an;-kan) => [23] [RD] |
100981.4,x,,<perminta> + -an [-] <r> + -an,bentukan,[38] [S] -an + (<all>) => [23] [RD] |
,,,,,
100982,v,36,permintaanku,dasar,
100982.1,x,,per- + <mintaanku>,bentukan,[19] per- + (<others>) + (-i;-an;-kan)
100982.2,x,,<permintaan> + -ku,bentukan,[32] [SFS] -ku + (<all>)
100982.3,v,,per- + <minta> + -an + -ku,bentukan,[19] per- + (<others>) + (-i;-an;-kan) => [32] [SFS] -ku + (<all>)
100982.4,x,,per- + <mintaan> + -ku,bentukan,[19] per- + (<others>) + (-i;-an;-kan) => [32] [SFS] -ku + (<all>)
100982.5,x,,<perminta> + -an + -ku,bentukan,[38] [S] -an + (<all>) => [32] [SFS] -ku + (<all>)
,,,,,
100983,v,22,permintaanmu,dasar,
100983.1,x,,per- + <mintaanmu>,bentukan,[19] per- + (<others>) + (-i;-an;-kan)
100983.2,x,,<permintaan> + -mu,bentukan,[33] [SFS] -mu + (<all>)
100983.3,v,,per- + <minta> + -an + -mu,bentukan,[19] per- + (<others>) + (-i;-an;-kan) => [33] [SFS] -mu + (<all>)
100983.4,x,,per- + <mintaan> + -mu,bentukan,[19] per- + (<others>) + (-i;-an;-kan) => [33] [SFS] -mu + (<all>)
100983.5,x,,<perminta> + -an + -mu,bentukan,[38] [S] -an + (<all>) => [33] [SFS] -mu + (<all>)
,,,,,
100984,v,142,permintaannya,dasar,
100984.1,x,,per- + <mintaannya>,bentukan,[19] per- + (<others>) + (-i;-an;-kan)
100984.2,x,,<permintaan> + -nya,bentukan,[34] [SFS] -nya + (<all>)
100984.3,v,,per- + <minta> + -an + -nya,bentukan,[19] per- + (<others>) + (-i;-an;-kan) => [34] [SFS] -nya + (<all>)
100984.4,x,,per- + <mintaan> + -nya,bentukan,[19] per- + (<others>) + (-i;-an;-kan) => [34] [SFS] -nya + (<all>)
100984.5,x,,<perminta> + -an + -nya,bentukan,[38] [S] -an + (<all>) => [34] [SFS] -nya + (<all>)
,,,,,
100985,k,88,perminyakan,dasar,
100985.1,v,,per- + <minyak> + -an,bentukan,[19] per- + (<others>) + (-i;-an;-kan)
100985.2,x,,per- + <minya> + -kan,bentukan,[19] per- + (<others>) + (-i;-an;-kan)
100985.3,x,,per- + <minyakan>,bentukan,[19] per- + (<others>) + (-i;-an;-kan)
100985.4,x,,<perminya> + -kan,bentukan,[29] [S] -kan + (<all>)
100985.5,x,,<perminyak> + -an,bentukan,[38] [S] -an + (<all>)
,,,,,
100986,k,6,permisalan,dasar,
100986.1,v,,per- + <misal> + -an,bentukan,[19] per- + (<others>) + (-i;-an;-kan)
100986.2,x,,per- + <misalan>,bentukan,[19] per- + (<others>) + (-i;-an;-kan)
100986.3,x,,<permisal> + -an,bentukan,[38] [S] -an + (<all>)
,,,,,
100987,k,84,permisi,dasar,
100987.1,x,,per- + <mis> + -i,bentukan,[19] per- + (<others>) + (-i;-an;-kan)
100987.2,x,,per- + <misi>,bentukan,[19] per- + (<others>) + (-i;-an;-kan)
100987.3,x,,<permis> + -i,bentukan,[28] [S] -i + (<all>)
,,,,,
100988,k,46,permisif,dasar,
100988.1,x,,per- + <misif>,bentukan,[19] per- + (<others>) + (-i;-an;-kan)
,,,,,
100989,v,11,permit,dasar,
100989.1,x,,per- + <mit>,bentukan,[19] per- + (<others>) + (-i;-an;-kan)
,,,,,
100990,k,0,permobilan,dasar,
100990.1,v,,per- + <mobil> + -an,bentukan,[19] per- + (<others>) + (-i;-an;-kan)
100990.2,x,,per- + <mobilan>,bentukan,[19] per- + (<others>) + (-i;-an;-kan)
100990.3,x,,<permobil> + -an,bentukan,[38] [S] -an + (<all>)
,,,,,
100991,k,396,permodalan,dasar,
100991.1,v,,per- + <modal> + -an,bentukan,[19] per- + (<others>) + (-i;-an;-kan)
100991.2,x,,per- + <modalan>,bentukan,[19] per- + (<others>) + (-i;-an;-kan)
100991.3,x,,<permodal> + -an,bentukan,[38] [S] -an + (<all>)
,,,,,
100992,k,0,permodalan fisis,dasar,
100992.1,x,,per- + <modalan fisis>,bentukan,[19] per- + (<others>) + (-i;-an;-kan)
100992.2,x,,<permodalan fisi> + [-is:-s],bentukan,[177] [S] -is + (i)
100992.3,x,,<permodalan fis> + -is,bentukan,[178] [S] -is + (<others>)
,,,,,
100993,k,0,permodalan matematik,dasar,
100993.1,x,,per- + <modalan matematik>,bentukan,[19] per- + (<others>) + (-i;-an;-kan)
,,,,,
100994,v,8,permodalannya,dasar,
100994.1,x,,per- + <modalannya>,bentukan,[19] per- + (<others>) + (-i;-an;-kan)
100994.2,x,,<permodalan> + -nya,bentukan,[34] [SFS] -nya + (<all>)
100994.3,v,,per- + <modal> + -an + -nya,bentukan,[19] per- + (<others>) + (-i;-an;-kan) => [34] [SFS] -nya + (<all>)
100994.4,x,,per- + <modalan> + -nya,bentukan,[19] per- + (<others>) + (-i;-an;-kan) => [34] [SFS] -nya + (<all>)
100994.5,x,,<permodal> + -an + -nya,bentukan,[38] [S] -an + (<all>) => [34] [SFS] -nya + (<all>)
,,,,,
100995,k,17,permodelan,dasar,
100995.1,v,,per- + <model> + -an,bentukan,[19] per- + (<others>) + (-i;-an;-kan)
100995.2,x,,per- + <modelan>,bentukan,[19] per- + (<others>) + (-i;-an;-kan)
100995.3,x,,<permodel> + -an,bentukan,[38] [S] -an + (<all>)
,,,,,
100996,t,5,permohon,dasar,pemohon
100996.1,x,,per- + <mohon>,bentukan,[19] per- + (<others>) + (-i;-an;-kan)
,,,,,
100997,k,1493,permohonan,dasar,
100997.1,v,,per- + <mohon> + -an,bentukan,[19] per- + (<others>) + (-i;-an;-kan)
100997.2,x,,per- + <mohonan>,bentukan,[19] per- + (<others>) + (-i;-an;-kan)
100997.3,x,,<permohon> + -an,bentukan,[38] [S] -an + (<all>)
,,,,,
100998,v,8,permohonanku,dasar,
100998.1,x,,per- + <mohonanku>,bentukan,[19] per- + (<others>) + (-i;-an;-kan)
100998.2,x,,<permohonan> + -ku,bentukan,[32] [SFS] -ku + (<all>)
100998.3,v,,per- + <mohon> + -an + -ku,bentukan,[19] per- + (<others>) + (-i;-an;-kan) => [32] [SFS] -ku + (<all>)
100998.4,x,,per- + <mohonan> + -ku,bentukan,[19] per- + (<others>) + (-i;-an;-kan) => [32] [SFS] -ku + (<all>)
100998.5,x,,<permohon> + -an + -ku,bentukan,[38] [S] -an + (<all>) => [32] [SFS] -ku + (<all>)
,,,,,
100999,v,5,permohonanmu,dasar,
100999.1,x,,per- + <mohonanmu>,bentukan,[19] per- + (<others>) + (-i;-an;-kan)
100999.2,x,,<permohonan> + -mu,bentukan,[33] [SFS] -mu + (<all>)
100999.3,v,,per- + <mohon> + -an + -mu,bentukan,[19] per- + (<others>) + (-i;-an;-kan) => [33] [SFS] -mu + (<all>)
100999.4,x,,per- + <mohonan> + -mu,bentukan,[19] per- + (<others>) + (-i;-an;-kan) => [33] [SFS] -mu + (<all>)
100999.5,x,,<permohon> + -an + -mu,bentukan,[38] [S] -an + (<all>) => [33] [SFS] -mu + (<all>)
,,,,,
101000,v,49,permohonannya,dasar,
101000.1,x,,per- + <mohonannya>,bentukan,[19] per- + (<others>) + (-i;-an;-kan)
101000.2,x,,<permohonan> + -nya,bentukan,[34] [SFS] -nya + (<all>)
101000.3,v,,per- + <mohon> + -an + -nya,bentukan,[19] per- + (<others>) + (-i;-an;-kan) => [34] [SFS] -nya + (<all>)
101000.4,x,,per- + <mohonan> + -nya,bentukan,[19] per- + (<others>) + (-i;-an;-kan) => [34] [SFS] -nya + (<all>)
101000.5,x,,<permohon> + -an + -nya,bentukan,[38] [S] -an + (<all>) => [34] [SFS] -nya + (<all>)
,,,,,
101001,v,3,permudaan,dasar,
101001.1,v,,per- + <muda> + -an,bentukan,[19] per- + (<others>) + (-i;-an;-kan)
101001.2,x,,per- + <mudaan>,bentukan,[19] per- + (<others>) + (-i;-an;-kan)
101001.3,x,,<permuda> + -an,bentukan,[38] [S] -an + (<all>)
,,,,,
101002,v,25,permudah,dasar,
101002.1,v,,per- + <mudah>,bentukan,[19] per- + (<others>) + (-i;-an;-kan)
,,,,,
101003,d,0,permudalan,dasar,
101003.1,x,,per- + <mudal> + -an,bentukan,[19] per- + (<others>) + (-i;-an;-kan)
101003.2,x,,per- + <mudalan>,bentukan,[19] per- + (<others>) + (-i;-an;-kan)
101003.3,x,,<permudal> + -an,bentukan,[38] [S] -an + (<all>)
,,,,,
101004,k,33,permufakatan,dasar,
101004.1,v,,per- + <mufakat> + -an,bentukan,[19] per- + (<others>) + (-i;-an;-kan)
101004.2,x,,per- + <mufakatan>,bentukan,[19] per- + (<others>) + (-i;-an;-kan)
101004.3,x,,<permufakat> + -an,bentukan,[38] [S] -an + (<all>)
,,,,,
101005,k,1572,permukaan,dasar,
101005.1,v,,per- + <muka> + -an,bentukan,[19] per- + (<others>) + (-i;-an;-kan)
101005.2,x,,per- + <mukaan>,bentukan,[19] per- + (<others>) + (-i;-an;-kan)
101005.3,x,,<permuka> + -an,bentukan,[38] [S] -an + (<all>)
,,,,,
101006,k,0,permukaan air tanah,dasar,
101006.1,x,,per- + <mukaan air tanah>,bentukan,[19] per- + (<others>) + (-i;-an;-kan)
,,,,,
101007,k,0,permukaan bola,dasar,
101007.1,x,,per- + <mukaan bola>,bentukan,[19] per- + (<others>) + (-i;-an;-kan)
,,,,,
101008,k,0,permukaan isentropik,dasar,
101008.1,x,,per- + <mukaan isentropik>,bentukan,[19] per- + (<others>) + (-i;-an;-kan)
,,,,,
101009,k,0,permukaan isobarik,dasar,
101009.1,x,,per- + <mukaan isobarik>,bentukan,[19] per- + (<others>) + (-i;-an;-kan)
,,,,,
101010,k,0,permukaan isopiknik,dasar,
101010.1,x,,per- + <mukaan isopiknik>,bentukan,[19] per- + (<others>) + (-i;-an;-kan)
,,,,,
101011,k,0,permukaan isosterik,dasar,
101011.1,x,,per- + <mukaan isosterik>,bentukan,[19] per- + (<others>) + (-i;-an;-kan)
,,,,,
101012,k,0,permukaan kerucut,dasar,
101012.1,x,,per- + <mukaan kerucut>,bentukan,[19] per- + (<others>) + (-i;-an;-kan)
,,,,,
101013,k,0,permukaan kerucut lingkar,dasar,
101013.1,x,,per- + <mukaan kerucut lingkar>,bentukan,[19] per- + (<others>) + (-i;-an;-kan)
,,,,,
101014,k,0,permukaan lapangan,dasar,
101014.1,x,,per- + <mukaan lapang> + -an,bentukan,[19] per- + (<others>) + (-i;-an;-kan)
101014.2,x,,per- + <mukaan lapangan>,bentukan,[19] per- + (<others>) + (-i;-an;-kan)
101014.3,x,,<permukaan lapang> + -an,bentukan,[38] [S] -an + (<all>)
,,,,,
101015,k,0,permukaan setengah,dasar,
101015.1,x,,per- + <mukaan setengah>,bentukan,[19] per- + (<others>) + (-i;-an;-kan)
,,,,,
101016,k,0,permukaan silindris,dasar,
101016.1,x,,per- + <mukaan silindris>,bentukan,[19] per- + (<others>) + (-i;-an;-kan)
101016.2,x,,<permukaan silindri> + [-is:-s],bentukan,[177] [S] -is + (i)
101016.3,x,,<permukaan silindr> + -is,bentukan,[178] [S] -is + (<others>)
,,,,,
101017,k,0,permukaan tabung,dasar,
101017.1,x,,per- + <mukaan tabung>,bentukan,[19] per- + (<others>) + (-i;-an;-kan)
,,,,,
101018,k,0,permukaan tekanan tetap,dasar,
101018.1,x,,per- + <mukaan tekanan tetap>,bentukan,[19] per- + (<others>) + (-i;-an;-kan)
,,,,,
101019,v,2,permukaan-permukaan,dasar,
101019.1,x,,<permukaan> [-] <r>,bentukan,[23] [RD] |
101019.2,v,,per- + <muka> + -an [-] per- + <r> + -an,bentukan,[19] per- + (<others>) + (-i;-an;-kan) => [23] [RD] |
101019.3,x,,per- + <mukaan> [-] per- + <r>,bentukan,[19] per- + (<others>) + (-i;-an;-kan) => [23] [RD] |
101019.4,x,,<permuka> + -an [-] <r> + -an,bentukan,[38] [S] -an + (<all>) => [23] [RD] |
,,,,,
101020,v,101,permukaannya,dasar,
101020.1,x,,per- + <mukaannya>,bentukan,[19] per- + (<others>) + (-i;-an;-kan)
101020.2,x,,<permukaan> + -nya,bentukan,[34] [SFS] -nya + (<all>)
101020.3,v,,per- + <muka> + -an + -nya,bentukan,[19] per- + (<others>) + (-i;-an;-kan) => [34] [SFS] -nya + (<all>)
101020.4,x,,per- + <mukaan> + -nya,bentukan,[19] per- + (<others>) + (-i;-an;-kan) => [34] [SFS] -nya + (<all>)
101020.5,x,,<permuka> + -an + -nya,bentukan,[38] [S] -an + (<all>) => [34] [SFS] -nya + (<all>)
,,,,,
101021,k,553,permukiman,dasar,
101021.1,v,,per- + <mukim> + -an,bentukan,[19] per- + (<others>) + (-i;-an;-kan)
101021.2,x,,per- + <mukiman>,bentukan,[19] per- + (<others>) + (-i;-an;-kan)
101021.3,x,,<permukim> + -an,bentukan,[38] [S] -an + (<all>)
,,,,,
101022,v,5,permukiman-permukiman,dasar,
101022.1,x,,<permukiman> [-] <r>,bentukan,[23] [RD] |
101022.2,v,,per- + <mukim> + -an [-] per- + <r> + -an,bentukan,[19] per- + (<others>) + (-i;-an;-kan) => [23] [RD] |
101022.3,x,,per- + <mukiman> [-] per- + <r>,bentukan,[19] per- + (<others>) + (-i;-an;-kan) => [23] [RD] |
101022.4,x,,<permukim> + -an [-] <r> + -an,bentukan,[38] [S] -an + (<all>) => [23] [RD] |
,,,,,
101023,v,12,permukimannya,dasar,
101023.1,x,,per- + <mukimannya>,bentukan,[19] per- + (<others>) + (-i;-an;-kan)
101023.2,x,,<permukiman> + -nya,bentukan,[34] [SFS] -nya + (<all>)
101023.3,v,,per- + <mukim> + -an + -nya,bentukan,[19] per- + (<others>) + (-i;-an;-kan) => [34] [SFS] -nya + (<all>)
101023.4,x,,per- + <mukiman> + -nya,bentukan,[19] per- + (<others>) + (-i;-an;-kan) => [34] [SFS] -nya + (<all>)
101023.5,x,,<permukim> + -an + -nya,bentukan,[38] [S] -an + (<all>) => [34] [SFS] -nya + (<all>)
,,,,,
101024,k,251,permulaan,dasar,
101024.1,v,,per- + <mula> + -an,bentukan,[19] per- + (<others>) + (-i;-an;-kan)
101024.2,x,,per- + <mulaan>,bentukan,[19] per- + (<others>) + (-i;-an;-kan)
101024.3,x,,<permula> + -an,bentukan,[38] [S] -an + (<all>)
,,,,,
101025,k,0,permulaan kalam (kata),dasar,
101025.1,x,,per- + <mulaan kalam (kata)>,bentukan,[19] per- + (<others>) + (-i;-an;-kan)
,,,,,
101026,k,0,permulaan tahun,dasar,
101026.1,x,,per- + <mulaan tahun>,bentukan,[19] per- + (<others>) + (-i;-an;-kan)
,,,,,
101027,v,10,permulaannya,dasar,
101027.1,x,,per- + <mulaannya>,bentukan,[19] per- + (<others>) + (-i;-an;-kan)
101027.2,x,,<permulaan> + -nya,bentukan,[34] [SFS] -nya + (<all>)
101027.3,v,,per- + <mula> + -an + -nya,bentukan,[19] per- + (<others>) + (-i;-an;-kan) => [34] [SFS] -nya + (<all>)
101027.4,x,,per- + <mulaan> + -nya,bentukan,[19] per- + (<others>) + (-i;-an;-kan) => [34] [SFS] -nya + (<all>)
101027.5,x,,<permula> + -an + -nya,bentukan,[38] [S] -an + (<all>) => [34] [SFS] -nya + (<all>)
,,,,,
101028,v,4,permurnian,dasar,
101028.1,v,,per- + <murni> + -an,bentukan,[19] per- + (<others>) + (-i;-an;-kan)
101028.2,x,,per- + <murnian>,bentukan,[19] per- + (<others>) + (-i;-an;-kan)
101028.3,x,,<permurni> + -an,bentukan,[38] [S] -an + (<all>)
,,,,,
101029,k,16,permuseuman,dasar,
101029.1,v,,per- + <museum> + -an,bentukan,[19] per- + (<others>) + (-i;-an;-kan)
101029.2,x,,per- + <museuman>,bentukan,[19] per- + (<others>) + (-i;-an;-kan)
101029.3,x,,<permuseum> + -an,bentukan,[38] [S] -an + (<all>)
,,,,,
101030,k,4,permusikan,dasar,
101030.1,v,,per- + <musik> + -an,bentukan,[19] per- + (<others>) + (-i;-an;-kan)
101030.2,x,,per- + <musi> + -kan,bentukan,[19] per- + (<others>) + (-i;-an;-kan)
101030.3,x,,per- + <musikan>,bentukan,[19] per- + (<others>) + (-i;-an;-kan)
101030.4,x,,<permusi> + -kan,bentukan,[29] [S] -kan + (<all>)
101030.5,x,,<permusik> + -an,bentukan,[38] [S] -an + (<all>)
,,,,,
101031,k,190,permusuhan,dasar,
101031.1,v,,per- + <musuh> + -an,bentukan,[19] per- + (<others>) + (-i;-an;-kan)
101031.2,x,,per- + <musuhan>,bentukan,[19] per- + (<others>) + (-i;-an;-kan)
101031.3,x,,<permusuh> + -an,bentukan,[38] [S] -an + (<all>)
,,,,,
101032,v,3,permusuhanku,dasar,
101032.1,x,,per- + <musuhanku>,bentukan,[19] per- + (<others>) + (-i;-an;-kan)
101032.2,x,,<permusuhan> + -ku,bentukan,[32] [SFS] -ku + (<all>)
101032.3,v,,per- + <musuh> + -an + -ku,bentukan,[19] per- + (<others>) + (-i;-an;-kan) => [32] [SFS] -ku + (<all>)
101032.4,x,,per- + <musuhan> + -ku,bentukan,[19] per- + (<others>) + (-i;-an;-kan) => [32] [SFS] -ku + (<all>)
101032.5,x,,<permusuh> + -an + -ku,bentukan,[38] [S] -an + (<all>) => [32] [SFS] -ku + (<all>)
,,,,,
101033,v,2,permusuhannya,dasar,
101033.1,x,,per- + <musuhannya>,bentukan,[19] per- + (<others>) + (-i;-an;-kan)
101033.2,x,,<permusuhan> + -nya,bentukan,[34] [SFS] -nya + (<all>)
101033.3,v,,per- + <musuh> + -an + -nya,bentukan,[19] per- + (<others>) + (-i;-an;-kan) => [34] [SFS] -nya + (<all>)
101033.4,x,,per- + <musuhan> + -nya,bentukan,[19] per- + (<others>) + (-i;-an;-kan) => [34] [SFS] -nya + (<all>)
101033.5,x,,<permusuh> + -an + -nya,bentukan,[38] [S] -an + (<all>) => [34] [SFS] -nya + (<all>)
,,,,,
101034,k,3,permusyawarahan,dasar,
101034.1,v,,per- + <musyawarah> + -an,bentukan,[19] per- + (<others>) + (-i;-an;-kan)
101034.2,x,,per- + <musyawarahan>,bentukan,[19] per- + (<others>) + (-i;-an;-kan)
101034.3,x,,<permusyawarah> + -an,bentukan,[38] [S] -an + (<all>)
,,,,,
101035,t,193,permusyawaratan,dasar,permusyawarahan
101035.1,v,,per- + <musyawarat> + -an,bentukan,[19] per- + (<others>) + (-i;-an;-kan)
101035.2,x,,per- + <musyawaratan>,bentukan,[19] per- + (<others>) + (-i;-an;-kan)
101035.3,x,,<permusyawarat> + -an,bentukan,[38] [S] -an + (<all>)
,,,,,
101036,k,19,permutasi,dasar,
101036.1,x,,per- + <mutas> + -i,bentukan,[19] per- + (<others>) + (-i;-an;-kan)
101036.2,x,,per- + <mutasi>,bentukan,[19] per- + (<others>) + (-i;-an;-kan)
101036.3,x,,<permutas> + -i,bentukan,[28] [S] -i + (<all>)
,,,,,
101037,t,99,pernafasan,dasar,pernapasan
101037.1,x,,per- + <nafas> + -an,bentukan,[19] per- + (<others>) + (-i;-an;-kan)
101037.2,x,,per- + <nafasan>,bentukan,[19] per- + (<others>) + (-i;-an;-kan)
101037.3,x,,<pernafas> + -an,bentukan,[38] [S] -an + (<all>)
,,,,,
101038,t,4,pernafasannya,dasar,pernapasannya
101038.1,x,,per- + <nafasannya>,bentukan,[19] per- + (<others>) + (-i;-an;-kan)
101038.2,x,,<pernafasan> + -nya,bentukan,[34] [SFS] -nya + (<all>)
101038.3,x,,per- + <nafas> + -an + -nya,bentukan,[19] per- + (<others>) + (-i;-an;-kan) => [34] [SFS] -nya + (<all>)
101038.4,x,,per- + <nafasan> + -nya,bentukan,[19] per- + (<others>) + (-i;-an;-kan) => [34] [SFS] -nya + (<all>)
101038.5,x,,<pernafas> + -an + -nya,bentukan,[38] [S] -an + (<all>) => [34] [SFS] -nya + (<all>)
,,,,,
101039,k,0,pernafsian,dasar,
101039.1,v,,per- + <nafsi> + -an,bentukan,[19] per- + (<others>) + (-i;-an;-kan)
101039.2,x,,per- + <nafsian>,bentukan,[19] per- + (<others>) + (-i;-an;-kan)
101039.3,x,,<pernafsi> + -an,bentukan,[38] [S] -an + (<all>)
,,,,,
101040,k,8586,pernah,dasar,
101040.1,x,,per- + <nah>,bentukan,[19] per- + (<others>) + (-i;-an;-kan)
,,,,,
101041,v,129,pernahkah,dasar,
101041.1,x,,per- + <nahkah>,bentukan,[19] per- + (<others>) + (-i;-an;-kan)
101041.2,v,,<pernah> + -kah,bentukan,[30] [FS] -kah + (<all>)
101041.3,x,,per- + <nah> + -kah,bentukan,[19] per- + (<others>) + (-i;-an;-kan) => [30] [FS] -kah + (<all>)
,,,,,
101042,k,6,pernak,dasar,
101042.1,x,,per- + <nak>,bentukan,[19] per- + (<others>) + (-i;-an;-kan)
,,,,,
101043,k,89,pernak-pernik,dasar,
101043.1,v,,<[pernik:pernak-pernik]>,bentukan,[Reduplication-Rhyming]
,,,,,
101044,v,7,pernak-perniknya,dasar,
101044.1,v,,<[pernik:pernak-pernik]> + -nya,bentukan,[Reduplication-Rhyming] => [34] [SFS] -nya + (<all>)
,,,,,
101045,k,0,pernalaran,dasar,
101045.1,v,,per- + <nalar> + -an,bentukan,[19] per- + (<others>) + (-i;-an;-kan)
101045.2,x,,per- + <nalaran>,bentukan,[19] per- + (<others>) + (-i;-an;-kan)
101045.3,x,,<pernalar> + -an,bentukan,[38] [S] -an + (<all>)
,,,,,
101046,k,0,pernanahan,dasar,
101046.1,v,,per- + <nanah> + -an,bentukan,[19] per- + (<others>) + (-i;-an;-kan)
101046.2,x,,per- + <nanahan>,bentukan,[19] per- + (<others>) + (-i;-an;-kan)
101046.3,x,,<pernanah> + -an,bentukan,[38] [S] -an + (<all>)
,,,,,
101047,k,245,pernapasan,dasar,
101047.1,v,,per- + <napas> + -an,bentukan,[19] per- + (<others>) + (-i;-an;-kan)
101047.2,x,,per- + <napasan>,bentukan,[19] per- + (<others>) + (-i;-an;-kan)
101047.3,x,,<pernapas> + -an,bentukan,[38] [S] -an + (<all>)
,,,,,
101048,v,2,pernapasanku,dasar,
101048.1,x,,per- + <napasanku>,bentukan,[19] per- + (<others>) + (-i;-an;-kan)
101048.2,x,,<pernapasan> + -ku,bentukan,[32] [SFS] -ku + (<all>)
101048.3,v,,per- + <napas> + -an + -ku,bentukan,[19] per- + (<others>) + (-i;-an;-kan) => [32] [SFS] -ku + (<all>)
101048.4,x,,per- + <napasan> + -ku,bentukan,[19] per- + (<others>) + (-i;-an;-kan) => [32] [SFS] -ku + (<all>)
101048.5,x,,<pernapas> + -an + -ku,bentukan,[38] [S] -an + (<all>) => [32] [SFS] -ku + (<all>)
,,,,,
101049,v,12,pernapasannya,dasar,
101049.1,x,,per- + <napasannya>,bentukan,[19] per- + (<others>) + (-i;-an;-kan)
101049.2,x,,<pernapasan> + -nya,bentukan,[34] [SFS] -nya + (<all>)
101049.3,v,,per- + <napas> + -an + -nya,bentukan,[19] per- + (<others>) + (-i;-an;-kan) => [34] [SFS] -nya + (<all>)
101049.4,x,,per- + <napasan> + -nya,bentukan,[19] per- + (<others>) + (-i;-an;-kan) => [34] [SFS] -nya + (<all>)
101049.5,x,,<pernapas> + -an + -nya,bentukan,[38] [S] -an + (<all>) => [34] [SFS] -nya + (<all>)
,,,,,
101050,t,2,pernasaran,dasar,penasaran
101050.1,x,,per- + <nasar> + -an,bentukan,[19] per- + (<others>) + (-i;-an;-kan)
101050.2,x,,per- + <nasaran>,bentukan,[19] per- + (<others>) + (-i;-an;-kan)
101050.3,x,,<pernasar> + -an,bentukan,[38] [S] -an + (<all>)
,,,,,
101051,k,4,pernaskahan,dasar,
101051.1,v,,per- + <naskah> + -an,bentukan,[19] per- + (<others>) + (-i;-an;-kan)
101051.2,x,,per- + <naskahan>,bentukan,[19] per- + (<others>) + (-i;-an;-kan)
101051.3,x,,<pernaskah> + -an,bentukan,[38] [S] -an + (<all>)
,,,,,
101052,c,0,pernekel,dasar,pernikel
101052.1,x,,per- + <nekel>,bentukan,[19] per- + (<others>) + (-i;-an;-kan)
,,,,,
101053,c,0,pernel,dasar,flanel
101053.1,x,,per- + <nel>,bentukan,[19] per- + (<others>) + (-i;-an;-kan)
,,,,,
101054,k,56,perniagaan,dasar,
101054.1,v,,per- + <niaga> + -an,bentukan,[19] per- + (<others>) + (-i;-an;-kan)
101054.2,x,,per- + <niagaan>,bentukan,[19] per- + (<others>) + (-i;-an;-kan)
101054.3,x,,<perniaga> + -an,bentukan,[38] [S] -an + (<all>)
,,,,,
101055,v,2,perniagaannya,dasar,
101055.1,x,,per- + <niagaannya>,bentukan,[19] per- + (<others>) + (-i;-an;-kan)
101055.2,x,,<perniagaan> + -nya,bentukan,[34] [SFS] -nya + (<all>)
101055.3,v,,per- + <niaga> + -an + -nya,bentukan,[19] per- + (<others>) + (-i;-an;-kan) => [34] [SFS] -nya + (<all>)
101055.4,x,,per- + <niagaan> + -nya,bentukan,[19] per- + (<others>) + (-i;-an;-kan) => [34] [SFS] -nya + (<all>)
101055.5,x,,<perniaga> + -an + -nya,bentukan,[38] [S] -an + (<all>) => [34] [SFS] -nya + (<all>)
,,,,,
101056,k,18,pernik,dasar,
101056.1,x,,per- + <nik>,bentukan,[19] per- + (<others>) + (-i;-an;-kan)
,,,,,
101057,k,3,pernik-pernik,dasar,
101057.1,v,,<pernik> [-] <r>,bentukan,[23] [RD] |
101057.2,x,,per- + <nik> [-] per- + <r>,bentukan,[19] per- + (<others>) + (-i;-an;-kan) => [23] [RD] |
,,,,,
101058,v,3,pernik-perniknya,dasar,
101058.1,x,,<pernik> [-] <r> + -nya,bentukan,[23] [RD] |
101058.2,x,,per- + <nik> [-] per- + <r> + -nya,bentukan,[19] per- + (<others>) + (-i;-an;-kan) => [23] [RD] |
101058.3,v,,<pernik> [-] <r> + -nya,bentukan,[23] [RD] | => [34] [SFS] -nya + (<all>)
101058.4,x,,per- + <nik> [-] per- + <r> + -nya,bentukan,[19] per- + (<others>) + (-i;-an;-kan) => [23] [RD] | => [34] [SFS] -nya + (<all>)
,,,,,
101059,k,815,pernikahan,dasar,
101059.1,v,,per- + <nikah> + -an,bentukan,[19] per- + (<others>) + (-i;-an;-kan)
101059.2,x,,per- + <nikahan>,bentukan,[19] per- + (<others>) + (-i;-an;-kan)
101059.3,x,,<pernikah> + -an,bentukan,[38] [S] -an + (<all>)
,,,,,
101060,k,0,pernikahan dini,dasar,
101060.1,x,,per- + <nikahan din> + -i,bentukan,[19] per- + (<others>) + (-i;-an;-kan)
101060.2,x,,per- + <nikahan dini>,bentukan,[19] per- + (<others>) + (-i;-an;-kan)
101060.3,x,,<pernikahan din> + -i,bentukan,[28] [S] -i + (<all>)
,,,,,
101061,v,2,pernikahan-pernikahan,dasar,
101061.1,x,,<pernikahan> [-] <r>,bentukan,[23] [RD] |
101061.2,v,,per- + <nikah> + -an [-] per- + <r> + -an,bentukan,[19] per- + (<others>) + (-i;-an;-kan) => [23] [RD] |
101061.3,x,,per- + <nikahan> [-] per- + <r>,bentukan,[19] per- + (<others>) + (-i;-an;-kan) => [23] [RD] |
101061.4,x,,<pernikah> + -an [-] <r> + -an,bentukan,[38] [S] -an + (<all>) => [23] [RD] |
,,,,,
101062,v,15,pernikahanku,dasar,
101062.1,x,,per- + <nikahanku>,bentukan,[19] per- + (<others>) + (-i;-an;-kan)
101062.2,x,,<pernikahan> + -ku,bentukan,[32] [SFS] -ku + (<all>)
101062.3,v,,per- + <nikah> + -an + -ku,bentukan,[19] per- + (<others>) + (-i;-an;-kan) => [32] [SFS] -ku + (<all>)
101062.4,x,,per- + <nikahan> + -ku,bentukan,[19] per- + (<others>) + (-i;-an;-kan) => [32] [SFS] -ku + (<all>)
101062.5,x,,<pernikah> + -an + -ku,bentukan,[38] [S] -an + (<all>) => [32] [SFS] -ku + (<all>)
,,,,,
101063,v,12,pernikahanmu,dasar,
101063.1,x,,per- + <nikahanmu>,bentukan,[19] per- + (<others>) + (-i;-an;-kan)
101063.2,x,,<pernikahan> + -mu,bentukan,[33] [SFS] -mu + (<all>)
101063.3,v,,per- + <nikah> + -an + -mu,bentukan,[19] per- + (<others>) + (-i;-an;-kan) => [33] [SFS] -mu + (<all>)
101063.4,x,,per- + <nikahan> + -mu,bentukan,[19] per- + (<others>) + (-i;-an;-kan) => [33] [SFS] -mu + (<all>)
101063.5,x,,<pernikah> + -an + -mu,bentukan,[38] [S] -an + (<all>) => [33] [SFS] -mu + (<all>)
,,,,,
101064,v,156,pernikahannya,dasar,
101064.1,x,,per- + <nikahannya>,bentukan,[19] per- + (<others>) + (-i;-an;-kan)
101064.2,x,,<pernikahan> + -nya,bentukan,[34] [SFS] -nya + (<all>)
101064.3,v,,per- + <nikah> + -an + -nya,bentukan,[19] per- + (<others>) + (-i;-an;-kan) => [34] [SFS] -nya + (<all>)
101064.4,x,,per- + <nikahan> + -nya,bentukan,[19] per- + (<others>) + (-i;-an;-kan) => [34] [SFS] -nya + (<all>)
101064.5,x,,<pernikah> + -an + -nya,bentukan,[38] [S] -an + (<all>) => [34] [SFS] -nya + (<all>)
,,,,,
101065,k,0,pernikel,dasar,
101065.1,x,,per- + <nikel>,bentukan,[19] per- + (<others>) + (-i;-an;-kan)
,,,,,
101066,t,2,pernilaian,dasar,penilaian
101066.1,x,,per- + <nilai> + -an,bentukan,[19] per- + (<others>) + (-i;-an;-kan)
101066.2,x,,per- + <nilaian>,bentukan,[19] per- + (<others>) + (-i;-an;-kan)
101066.3,x,,<pernilai> + -an,bentukan,[38] [S] -an + (<all>)
,,,,,
101067,k,4,pernis,dasar,
101067.1,x,,per- + <nis>,bentukan,[19] per- + (<others>) + (-i;-an;-kan)
101067.2,x,,<perni> + [-is:-s],bentukan,[177] [S] -is + (i)
101067.3,x,,<pern> + -is,bentukan,[178] [S] -is + (<others>)
,,,,,
101068,k,0,pernis gurun,dasar,
101068.1,x,,per- + <nis gurun>,bentukan,[19] per- + (<others>) + (-i;-an;-kan)
,,,,,
101069,k,0,pernisan,dasar,
101069.1,x,,per- + <nis> + -an,bentukan,[19] per- + (<others>) + (-i;-an;-kan)
101069.2,x,,per- + <nisan>,bentukan,[19] per- + (<others>) + (-i;-an;-kan)
101069.3,v,,<pernis> + -an,bentukan,[38] [S] -an + (<all>)
,,,,,
101070,k,0,pernovelan,dasar,
101070.1,v,,per- + <novel> + -an,bentukan,[19] per- + (<others>) + (-i;-an;-kan)
101070.2,x,,per- + <novelan>,bentukan,[19] per- + (<others>) + (-i;-an;-kan)
101070.3,x,,<pernovel> + -an,bentukan,[38] [S] -an + (<all>)
,,,,,
101071,v,8,pernya,dasar,
101071.1,x,,per- + <nya>,bentukan,[19] per- + (<others>) + (-i;-an;-kan)
101071.2,v,,<per> + -nya,bentukan,[34] [SFS] -nya + (<all>)
101071.3,x,,[peng-:pe-] + <r> + -nya,bentukan,[8] peng- + (l;m;n;ng;ny;r;w;y;[p:m];[t:n];[k:ng];[s:ny]) + (-an) => [34] [SFS] -nya + (<all>)
101071.4,x,,[per-:pe-] + <r> + -nya,bentukan,[17] per- + (r) + (-an) => [34] [SFS] -nya + (<all>)
101071.5,x,,pe- + <r> + -nya,bentukan,[96] pe- + (<all>) + (-an) => [34] [SFS] -nya + (<all>)
,,,,,
101072,k,2926,pernyataan,dasar,
101072.1,v,,per- + <nyata> + -an,bentukan,[19] per- + (<others>) + (-i;-an;-kan)
101072.2,x,,per- + <nyataan>,bentukan,[19] per- + (<others>) + (-i;-an;-kan)
101072.3,x,,<pernyata> + -an,bentukan,[38] [S] -an + (<all>)
,,,,,
101073,k,0,pernyataan kesalahan,dasar,
101073.1,x,,per- + <nyataan kesalah> + -an,bentukan,[19] per- + (<others>) + (-i;-an;-kan)
101073.2,x,,per- + <nyataan kesalahan>,bentukan,[19] per- + (<others>) + (-i;-an;-kan)
101073.3,x,,<pernyataan kesalah> + -an,bentukan,[38] [S] -an + (<all>)
,,,,,
101074,k,0,pernyataan pers,dasar,
101074.1,x,,per- + <nyataan pers>,bentukan,[19] per- + (<others>) + (-i;-an;-kan)
,,,,,
101075,v,75,pernyataan-pernyataan,dasar,
101075.1,x,,<pernyataan> [-] <r>,bentukan,[23] [RD] |
101075.2,v,,per- + <nyata> + -an [-] per- + <r> + -an,bentukan,[19] per- + (<others>) + (-i;-an;-kan) => [23] [RD] |
101075.3,x,,per- + <nyataan> [-] per- + <r>,bentukan,[19] per- + (<others>) + (-i;-an;-kan) => [23] [RD] |
101075.4,x,,<pernyata> + -an [-] <r> + -an,bentukan,[38] [S] -an + (<all>) => [23] [RD] |
,,,,,
101076,v,5,pernyataan-pernyataannya,dasar,
101076.1,x,,<pernyataan> [-] <r> + -nya,bentukan,[23] [RD] |
101076.2,x,,per- + <nyata> + -an [-] per- + <r> + -an + -nya,bentukan,[19] per- + (<others>) + (-i;-an;-kan) => [23] [RD] |
101076.3,x,,per- + <nyataan> [-] per- + <r> + -nya,bentukan,[19] per- + (<others>) + (-i;-an;-kan) => [23] [RD] |
101076.4,x,,<pernyata> + -an [-] <r> + -an + -nya,bentukan,[38] [S] -an + (<all>) => [23] [RD] |
101076.5,x,,<pernyataan> [-] <r> + -nya,bentukan,[23] [RD] | => [34] [SFS] -nya + (<all>)
101076.6,v,,per- + <nyata> + -an [-] per- + <r> + -an + -nya,bentukan,[19] per- + (<others>) + (-i;-an;-kan) => [23] [RD] | => [34] [SFS] -nya + (<all>)
101076.7,x,,per- + <nyataan> [-] per- + <r> + -nya,bentukan,[19] per- + (<others>) + (-i;-an;-kan) => [23] [RD] | => [34] [SFS] -nya + (<all>)
101076.8,x,,<pernyata> + -an [-] <r> + -an + -nya,bentukan,[38] [S] -an + (<all>) => [23] [RD] | => [34] [SFS] -nya + (<all>)
,,,,,
101077,v,6,pernyataanku,dasar,
101077.1,x,,per- + <nyataanku>,bentukan,[19] per- + (<others>) + (-i;-an;-kan)
101077.2,x,,<pernyataan> + -ku,bentukan,[32] [SFS] -ku + (<all>)
101077.3,v,,per- + <nyata> + -an + -ku,bentukan,[19] per- + (<others>) + (-i;-an;-kan) => [32] [SFS] -ku + (<all>)
101077.4,x,,per- + <nyataan> + -ku,bentukan,[19] per- + (<others>) + (-i;-an;-kan) => [32] [SFS] -ku + (<all>)
101077.5,x,,<pernyata> + -an + -ku,bentukan,[38] [S] -an + (<all>) => [32] [SFS] -ku + (<all>)
,,,,,
101078,v,3,pernyataanmu,dasar,
101078.1,x,,per- + <nyataanmu>,bentukan,[19] per- + (<others>) + (-i;-an;-kan)
101078.2,x,,<pernyataan> + -mu,bentukan,[33] [SFS] -mu + (<all>)
101078.3,v,,per- + <nyata> + -an + -mu,bentukan,[19] per- + (<others>) + (-i;-an;-kan) => [33] [SFS] -mu + (<all>)
101078.4,x,,per- + <nyataan> + -mu,bentukan,[19] per- + (<others>) + (-i;-an;-kan) => [33] [SFS] -mu + (<all>)
101078.5,x,,<pernyata> + -an + -mu,bentukan,[38] [S] -an + (<all>) => [33] [SFS] -mu + (<all>)
,,,,,
101079,v,262,pernyataannya,dasar,
101079.1,x,,per- + <nyataannya>,bentukan,[19] per- + (<others>) + (-i;-an;-kan)
101079.2,x,,<pernyataan> + -nya,bentukan,[34] [SFS] -nya + (<all>)
101079.3,v,,per- + <nyata> + -an + -nya,bentukan,[19] per- + (<others>) + (-i;-an;-kan) => [34] [SFS] -nya + (<all>)
101079.4,x,,per- + <nyataan> + -nya,bentukan,[19] per- + (<others>) + (-i;-an;-kan) => [34] [SFS] -nya + (<all>)
101079.5,x,,<pernyata> + -an + -nya,bentukan,[38] [S] -an + (<all>) => [34] [SFS] -nya + (<all>)
,,,,,
101080,t,9,perobahan,dasar,perubahan
101080.1,x,,[peng-:pe-] + <robah> + -an,bentukan,[8] peng- + (l;m;n;ng;ny;r;w;y;[p:m];[t:n];[k:ng];[s:ny]) + (-an)
101080.2,x,,[peng-:pe-] + <robahan>,bentukan,[8] peng- + (l;m;n;ng;ny;r;w;y;[p:m];[t:n];[k:ng];[s:ny]) + (-an)
101080.3,x,,[per-:pe-] + <robah> + -an,bentukan,[17] per- + (r) + (-an)
101080.4,x,,[per-:pe-] + <robahan>,bentukan,[17] per- + (r) + (-an)
101080.5,x,,per- + <obah> + -an,bentukan,[19] per- + (<others>) + (-i;-an;-kan)
101080.6,x,,per- + <obahan>,bentukan,[19] per- + (<others>) + (-i;-an;-kan)
101080.7,x,,pe- + <robah> + -an,bentukan,[96] pe- + (<all>) + (-an)
101080.8,x,,pe- + <robahan>,bentukan,[96] pe- + (<all>) + (-an)
101080.9,x,,<perobah> + -an,bentukan,[38] [S] -an + (<all>)
,,,,,
101081,k,0,perobatan,dasar,
101081.1,x,,[peng-:pe-] + <robat> + -an,bentukan,[8] peng- + (l;m;n;ng;ny;r;w;y;[p:m];[t:n];[k:ng];[s:ny]) + (-an)
101081.2,x,,[peng-:pe-] + <robatan>,bentukan,[8] peng- + (l;m;n;ng;ny;r;w;y;[p:m];[t:n];[k:ng];[s:ny]) + (-an)
101081.3,x,,[per-:pe-] + <robat> + -an,bentukan,[17] per- + (r) + (-an)
101081.4,x,,[per-:pe-] + <robatan>,bentukan,[17] per- + (r) + (-an)
101081.5,v,,per- + <obat> + -an,bentukan,[19] per- + (<others>) + (-i;-an;-kan)
101081.6,x,,per- + <obatan>,bentukan,[19] per- + (<others>) + (-i;-an;-kan)
101081.7,x,,pe- + <robat> + -an,bentukan,[96] pe- + (<all>) + (-an)
101081.8,x,,pe- + <robatan>,bentukan,[96] pe- + (<all>) + (-an)
101081.9,x,,<perobat> + -an,bentukan,[38] [S] -an + (<all>)
,,,,,
101082,k,0,perobek,dasar,
101082.1,x,,[peng-:pe-] + <robek>,bentukan,[8] peng- + (l;m;n;ng;ny;r;w;y;[p:m];[t:n];[k:ng];[s:ny]) + (-an)
101082.2,x,,[per-:pe-] + <robek>,bentukan,[17] per- + (r) + (-an)
101082.3,x,,per- + <obek>,bentukan,[19] per- + (<others>) + (-i;-an;-kan)
101082.4,v,,pe- + <robek>,bentukan,[96] pe- + (<all>) + (-an)
,,,,,
101083,k,7,perobekan,dasar,
101083.1,x,,[peng-:pe-] + <robek> + -an,bentukan,[8] peng- + (l;m;n;ng;ny;r;w;y;[p:m];[t:n];[k:ng];[s:ny]) + (-an)
101083.2,x,,[peng-:pe-] + <robekan>,bentukan,[8] peng- + (l;m;n;ng;ny;r;w;y;[p:m];[t:n];[k:ng];[s:ny]) + (-an)
101083.3,x,,[per-:pe-] + <robek> + -an,bentukan,[17] per- + (r) + (-an)
101083.4,x,,[per-:pe-] + <robekan>,bentukan,[17] per- + (r) + (-an)
101083.5,x,,per- + <obek> + -an,bentukan,[19] per- + (<others>) + (-i;-an;-kan)
101083.6,x,,per- + <obe> + -kan,bentukan,[19] per- + (<others>) + (-i;-an;-kan)
101083.7,x,,per- + <obekan>,bentukan,[19] per- + (<others>) + (-i;-an;-kan)
101083.8,v,,pe- + <robek> + -an,bentukan,[96] pe- + (<all>) + (-an)
101083.9,x,,pe- + <robekan>,bentukan,[96] pe- + (<all>) + (-an)
101083.1,x,,<perobe> + -kan,bentukan,[29] [S] -kan + (<all>)
101083.11,x,,<perobek> + -an,bentukan,[38] [S] -an + (<all>)
,,,,,
101084,k,4,perobohan,dasar,
101084.1,x,,[peng-:pe-] + <roboh> + -an,bentukan,[8] peng- + (l;m;n;ng;ny;r;w;y;[p:m];[t:n];[k:ng];[s:ny]) + (-an)
101084.2,x,,[peng-:pe-] + <robohan>,bentukan,[8] peng- + (l;m;n;ng;ny;r;w;y;[p:m];[t:n];[k:ng];[s:ny]) + (-an)
101084.3,x,,[per-:pe-] + <roboh> + -an,bentukan,[17] per- + (r) + (-an)
101084.4,x,,[per-:pe-] + <robohan>,bentukan,[17] per- + (r) + (-an)
101084.5,x,,per- + <oboh> + -an,bentukan,[19] per- + (<others>) + (-i;-an;-kan)
101084.6,x,,per- + <obohan>,bentukan,[19] per- + (<others>) + (-i;-an;-kan)
101084.7,v,,pe- + <roboh> + -an,bentukan,[96] pe- + (<all>) + (-an)
101084.8,x,,pe- + <robohan>,bentukan,[96] pe- + (<all>) + (-an)
101084.9,x,,<peroboh> + -an,bentukan,[38] [S] -an + (<all>)
,,,,,
101085,k,0,perobotan,dasar,
101085.1,x,,[peng-:pe-] + <robot> + -an,bentukan,[8] peng- + (l;m;n;ng;ny;r;w;y;[p:m];[t:n];[k:ng];[s:ny]) + (-an)
101085.2,x,,[peng-:pe-] + <robotan>,bentukan,[8] peng- + (l;m;n;ng;ny;r;w;y;[p:m];[t:n];[k:ng];[s:ny]) + (-an)
101085.3,x,,[per-:pe-] + <robot> + -an,bentukan,[17] per- + (r) + (-an)
101085.4,x,,[per-:pe-] + <robotan>,bentukan,[17] per- + (r) + (-an)
101085.5,x,,per- + <obot> + -an,bentukan,[19] per- + (<others>) + (-i;-an;-kan)
101085.6,x,,per- + <obotan>,bentukan,[19] per- + (<others>) + (-i;-an;-kan)
101085.7,v,,pe- + <robot> + -an,bentukan,[96] pe- + (<all>) + (-an)
101085.8,x,,pe- + <robotan>,bentukan,[96] pe- + (<all>) + (-an)
101085.9,x,,<perobot> + -an,bentukan,[38] [S] -an + (<all>)
,,,,,
101086,k,0,perogoh,dasar,
101086.1,x,,[peng-:pe-] + <rogoh>,bentukan,[8] peng- + (l;m;n;ng;ny;r;w;y;[p:m];[t:n];[k:ng];[s:ny]) + (-an)
101086.2,x,,[per-:pe-] + <rogoh>,bentukan,[17] per- + (r) + (-an)
101086.3,x,,per- + <ogoh>,bentukan,[19] per- + (<others>) + (-i;-an;-kan)
101086.4,v,,pe- + <rogoh>,bentukan,[96] pe- + (<all>) + (-an)
,,,,,
101087,k,0,perogol,dasar,
101087.1,x,,[peng-:pe-] + <rogol>,bentukan,[8] peng- + (l;m;n;ng;ny;r;w;y;[p:m];[t:n];[k:ng];[s:ny]) + (-an)
101087.2,x,,[per-:pe-] + <rogol>,bentukan,[17] per- + (r) + (-an)
101087.3,x,,per- + <ogol>,bentukan,[19] per- + (<others>) + (-i;-an;-kan)
101087.4,x,,pe- + <rogol>,bentukan,[96] pe- + (<all>) + (-an)
,,,,,
101088,k,0,perohong,dasar,
101088.1,x,,[peng-:pe-] + <rohong>,bentukan,[8] peng- + (l;m;n;ng;ny;r;w;y;[p:m];[t:n];[k:ng];[s:ny]) + (-an)
101088.2,x,,[per-:pe-] + <rohong>,bentukan,[17] per- + (r) + (-an)
101088.3,x,,per- + <ohong>,bentukan,[19] per- + (<others>) + (-i;-an;-kan)
101088.4,x,,pe- + <rohong>,bentukan,[96] pe- + (<all>) + (-an)
,,,,,
101089,k,0,peroi,dasar,
101089.1,x,,[peng-:pe-] + <roi>,bentukan,[8] peng- + (l;m;n;ng;ny;r;w;y;[p:m];[t:n];[k:ng];[s:ny]) + (-an)
101089.2,x,,[per-:pe-] + <roi>,bentukan,[17] per- + (r) + (-an)
101089.3,x,,per- + <o> + -i,bentukan,[19] per- + (<others>) + (-i;-an;-kan)
101089.4,x,,per- + <oi>,bentukan,[19] per- + (<others>) + (-i;-an;-kan)
101089.5,x,,pe- + <roi>,bentukan,[96] pe- + (<all>) + (-an)
101089.6,x,,<pero> + -i,bentukan,[28] [S] -i + (<all>)
,,,,,
101090,k,2,peroketan,dasar,
101090.1,v,,[peng-:pe-] + <roket> + -an,bentukan,[8] peng- + (l;m;n;ng;ny;r;w;y;[p:m];[t:n];[k:ng];[s:ny]) + (-an)
101090.2,x,,[peng-:pe-] + <roketan>,bentukan,[8] peng- + (l;m;n;ng;ny;r;w;y;[p:m];[t:n];[k:ng];[s:ny]) + (-an)
101090.3,x,,[per-:pe-] + <roket> + -an,bentukan,[17] per- + (r) + (-an)
101090.4,x,,[per-:pe-] + <roketan>,bentukan,[17] per- + (r) + (-an)
101090.5,x,,per- + <oket> + -an,bentukan,[19] per- + (<others>) + (-i;-an;-kan)
101090.6,x,,per- + <oketan>,bentukan,[19] per- + (<others>) + (-i;-an;-kan)
101090.7,v,,pe- + <roket> + -an,bentukan,[96] pe- + (<all>) + (-an)
101090.8,x,,pe- + <roketan>,bentukan,[96] pe- + (<all>) + (-an)
101090.9,x,,<peroket> + -an,bentukan,[38] [S] -an + (<all>)
,,,,,
101091,k,119,perokok,dasar,
101091.1,x,,[peng-:pe-] + <rokok>,bentukan,[8] peng- + (l;m;n;ng;ny;r;w;y;[p:m];[t:n];[k:ng];[s:ny]) + (-an)
101091.2,x,,[per-:pe-] + <rokok>,bentukan,[17] per- + (r) + (-an)
101091.3,x,,per- + <okok>,bentukan,[19] per- + (<others>) + (-i;-an;-kan)
101091.4,v,,pe- + <rokok>,bentukan,[96] pe- + (<all>) + (-an)
,,,,,
101092,k,0,perokok aktif,dasar,
101092.1,x,,[peng-:pe-] + <rokok aktif>,bentukan,[8] peng- + (l;m;n;ng;ny;r;w;y;[p:m];[t:n];[k:ng];[s:ny]) + (-an)
101092.2,x,,[per-:pe-] + <rokok aktif>,bentukan,[17] per- + (r) + (-an)
101092.3,x,,per- + <okok aktif>,bentukan,[19] per- + (<others>) + (-i;-an;-kan)
101092.4,x,,pe- + <rokok aktif>,bentukan,[96] pe- + (<all>) + (-an)
,,,,,
101093,k,0,perokok pasif,dasar,
101093.1,x,,[peng-:pe-] + <rokok pasif>,bentukan,[8] peng- + (l;m;n;ng;ny;r;w;y;[p:m];[t:n];[k:ng];[s:ny]) + (-an)
101093.2,x,,[per-:pe-] + <rokok pasif>,bentukan,[17] per- + (r) + (-an)
101093.3,x,,per- + <okok pasif>,bentukan,[19] per- + (<others>) + (-i;-an;-kan)
101093.4,x,,pe- + <rokok pasif>,bentukan,[96] pe- + (<all>) + (-an)
,,,,,
101094,k,55,peroksida,dasar,
101094.1,x,,[peng-:pe-] + <roksida>,bentukan,[8] peng- + (l;m;n;ng;ny;r;w;y;[p:m];[t:n];[k:ng];[s:ny]) + (-an)
101094.2,x,,[per-:pe-] + <roksida>,bentukan,[17] per- + (r) + (-an)
101094.3,x,,per- + <oksida>,bentukan,[19] per- + (<others>) + (-i;-an;-kan)
101094.4,x,,pe- + <roksida>,bentukan,[96] pe- + (<all>) + (-an)
,,,,,
101095,k,25,peroksidase,dasar,
101095.1,x,,[peng-:pe-] + <roksidase>,bentukan,[8] peng- + (l;m;n;ng;ny;r;w;y;[p:m];[t:n];[k:ng];[s:ny]) + (-an)
101095.2,x,,[per-:pe-] + <roksidase>,bentukan,[17] per- + (r) + (-an)
101095.3,x,,per- + <oksidase>,bentukan,[19] per- + (<others>) + (-i;-an;-kan)
101095.4,x,,pe- + <roksidase>,bentukan,[96] pe- + (<all>) + (-an)
101095.5,x,,<peroksid> + -ase,bentukan,[210] [S] -ase + (<all>)
,,,,,
101096,v,22,peroksidasi,dasar,
101096.1,x,,[peng-:pe-] + <roksidasi>,bentukan,[8] peng- + (l;m;n;ng;ny;r;w;y;[p:m];[t:n];[k:ng];[s:ny]) + (-an)
101096.2,x,,[per-:pe-] + <roksidasi>,bentukan,[17] per- + (r) + (-an)
101096.3,x,,per- + <oksidas> + -i,bentukan,[19] per- + (<others>) + (-i;-an;-kan)
101096.4,x,,per- + <oksidasi>,bentukan,[19] per- + (<others>) + (-i;-an;-kan)
101096.5,x,,pe- + <roksidasi>,bentukan,[96] pe- + (<all>) + (-an)
101096.6,x,,<peroksidas> + -i,bentukan,[28] [S] -i + (<all>)
,,,,,
101097,k,0,peroksisom,dasar,
101097.1,x,,[peng-:pe-] + <roksisom>,bentukan,[8] peng- + (l;m;n;ng;ny;r;w;y;[p:m];[t:n];[k:ng];[s:ny]) + (-an)
101097.2,x,,[per-:pe-] + <roksisom>,bentukan,[17] per- + (r) + (-an)
101097.3,x,,per- + <oksisom>,bentukan,[19] per- + (<others>) + (-i;-an;-kan)
101097.4,x,,pe- + <roksisom>,bentukan,[96] pe- + (<all>) + (-an)
,,,,,
101098,k,0,perolakan,dasar,
101098.1,x,,[peng-:pe-] + <rolak> + -an,bentukan,[8] peng- + (l;m;n;ng;ny;r;w;y;[p:m];[t:n];[k:ng];[s:ny]) + (-an)
101098.2,x,,[peng-:pe-] + <rolakan>,bentukan,[8] peng- + (l;m;n;ng;ny;r;w;y;[p:m];[t:n];[k:ng];[s:ny]) + (-an)
101098.3,x,,[per-:pe-] + <rolak> + -an,bentukan,[17] per- + (r) + (-an)
101098.4,x,,[per-:pe-] + <rolakan>,bentukan,[17] per- + (r) + (-an)
101098.5,v,,per- + <olak> + -an,bentukan,[19] per- + (<others>) + (-i;-an;-kan)
101098.6,x,,per- + <ola> + -kan,bentukan,[19] per- + (<others>) + (-i;-an;-kan)
101098.7,x,,per- + <olakan>,bentukan,[19] per- + (<others>) + (-i;-an;-kan)
101098.8,x,,pe- + <rolak> + -an,bentukan,[96] pe- + (<all>) + (-an)
101098.9,x,,pe- + <rolakan>,bentukan,[96] pe- + (<all>) + (-an)
101098.1,x,,<perola> + -kan,bentukan,[29] [S] -kan + (<all>)
101098.11,x,,<perolak> + -an,bentukan,[38] [S] -an + (<all>)
,,,,,
101099,v,323,peroleh,dasar,
101099.1,x,,[peng-:pe-] + <roleh>,bentukan,[8] peng- + (l;m;n;ng;ny;r;w;y;[p:m];[t:n];[k:ng];[s:ny]) + (-an)
101099.2,x,,[per-:pe-] + <roleh>,bentukan,[17] per- + (r) + (-an)
101099.3,v,,per- + <oleh>,bentukan,[19] per- + (<others>) + (-i;-an;-kan)
101099.4,x,,pe- + <roleh>,bentukan,[96] pe- + (<all>) + (-an)
,,,,,
101100,k,853,perolehan,dasar,
101100.1,x,,[peng-:pe-] + <roleh> + -an,bentukan,[8] peng- + (l;m;n;ng;ny;r;w;y;[p:m];[t:n];[k:ng];[s:ny]) + (-an)
101100.2,x,,[peng-:pe-] + <rolehan>,bentukan,[8] peng- + (l;m;n;ng;ny;r;w;y;[p:m];[t:n];[k:ng];[s:ny]) + (-an)
101100.3,x,,[per-:pe-] + <roleh> + -an,bentukan,[17] per- + (r) + (-an)
101100.4,x,,[per-:pe-] + <rolehan>,bentukan,[17] per- + (r) + (-an)
101100.5,v,,per- + <oleh> + -an,bentukan,[19] per- + (<others>) + (-i;-an;-kan)
101100.6,x,,per- + <olehan>,bentukan,[19] per- + (<others>) + (-i;-an;-kan)
101100.7,x,,pe- + <roleh> + -an,bentukan,[96] pe- + (<all>) + (-an)
101100.8,x,,pe- + <rolehan>,bentukan,[96] pe- + (<all>) + (-an)
101100.9,x,,<peroleh> + -an,bentukan,[38] [S] -an + (<all>)
,,,,,
101101,v,27,perolehannya,dasar,
101101.1,x,,[peng-:pe-] + <rolehannya>,bentukan,[8] peng- + (l;m;n;ng;ny;r;w;y;[p:m];[t:n];[k:ng];[s:ny]) + (-an)
101101.2,x,,[per-:pe-] + <rolehannya>,bentukan,[17] per- + (r) + (-an)
101101.3,x,,per- + <olehannya>,bentukan,[19] per- + (<others>) + (-i;-an;-kan)
101101.4,x,,pe- + <rolehannya>,bentukan,[96] pe- + (<all>) + (-an)
101101.5,x,,<perolehan> + -nya,bentukan,[34] [SFS] -nya + (<all>)
101101.6,x,,[peng-:pe-] + <roleh> + -an + -nya,bentukan,[8] peng- + (l;m;n;ng;ny;r;w;y;[p:m];[t:n];[k:ng];[s:ny]) + (-an) => [34] [SFS] -nya + (<all>)
101101.7,x,,[peng-:pe-] + <rolehan> + -nya,bentukan,[8] peng- + (l;m;n;ng;ny;r;w;y;[p:m];[t:n];[k:ng];[s:ny]) + (-an) => [34] [SFS] -nya + (<all>)
101101.8,x,,[per-:pe-] + <roleh> + -an + -nya,bentukan,[17] per- + (r) + (-an) => [34] [SFS] -nya + (<all>)
101101.9,x,,[per-:pe-] + <rolehan> + -nya,bentukan,[17] per- + (r) + (-an) => [34] [SFS] -nya + (<all>)
101101.1,v,,per- + <oleh> + -an + -nya,bentukan,[19] per- + (<others>) + (-i;-an;-kan) => [34] [SFS] -nya + (<all>)
101101.11,x,,per- + <olehan> + -nya,bentukan,[19] per- + (<others>) + (-i;-an;-kan) => [34] [SFS] -nya + (<all>)
101101.12,x,,pe- + <roleh> + -an + -nya,bentukan,[96] pe- + (<all>) + (-an) => [34] [SFS] -nya + (<all>)
101101.13,x,,pe- + <rolehan> + -nya,bentukan,[96] pe- + (<all>) + (-an) => [34] [SFS] -nya + (<all>)
101101.14,x,,<peroleh> + -an + -nya,bentukan,[38] [S] -an + (<all>) => [34] [SFS] -nya + (<all>)
,,,,,
101102,k,0,peroman,dasar,
101102.1,x,,[peng-:pe-] + <rom> + -an,bentukan,[8] peng- + (l;m;n;ng;ny;r;w;y;[p:m];[t:n];[k:ng];[s:ny]) + (-an)
101102.2,x,,[peng-:pe-] + <roman>,bentukan,[8] peng- + (l;m;n;ng;ny;r;w;y;[p:m];[t:n];[k:ng];[s:ny]) + (-an)
101102.3,x,,[per-:pe-] + <rom> + -an,bentukan,[17] per- + (r) + (-an)
101102.4,x,,[per-:pe-] + <roman>,bentukan,[17] per- + (r) + (-an)
101102.5,x,,per- + <om> + -an,bentukan,[19] per- + (<others>) + (-i;-an;-kan)
101102.6,x,,per- + <oman>,bentukan,[19] per- + (<others>) + (-i;-an;-kan)
101102.7,x,,pe- + <rom> + -an,bentukan,[96] pe- + (<all>) + (-an)
101102.8,x,,pe- + <roman>,bentukan,[96] pe- + (<all>) + (-an)
101102.9,x,,<perom> + -an,bentukan,[38] [S] -an + (<all>)
,,,,,
101103,v,6,perombak,dasar,
101103.1,x,,[peng-:pe-] + <rombak>,bentukan,[8] peng- + (l;m;n;ng;ny;r;w;y;[p:m];[t:n];[k:ng];[s:ny]) + (-an)
101103.2,x,,[per-:pe-] + <rombak>,bentukan,[17] per- + (r) + (-an)
101103.3,x,,per- + <ombak>,bentukan,[19] per- + (<others>) + (-i;-an;-kan)
101103.4,v,,pe- + <rombak>,bentukan,[96] pe- + (<all>) + (-an)
,,,,,
101104,k,128,perombakan,dasar,
101104.1,x,,[peng-:pe-] + <rombak> + -an,bentukan,[8] peng- + (l;m;n;ng;ny;r;w;y;[p:m];[t:n];[k:ng];[s:ny]) + (-an)
101104.2,x,,[peng-:pe-] + <rombakan>,bentukan,[8] peng- + (l;m;n;ng;ny;r;w;y;[p:m];[t:n];[k:ng];[s:ny]) + (-an)
101104.3,x,,[per-:pe-] + <rombak> + -an,bentukan,[17] per- + (r) + (-an)
101104.4,x,,[per-:pe-] + <rombakan>,bentukan,[17] per- + (r) + (-an)
101104.5,x,,per- + <ombak> + -an,bentukan,[19] per- + (<others>) + (-i;-an;-kan)
101104.6,x,,per- + <omba> + -kan,bentukan,[19] per- + (<others>) + (-i;-an;-kan)
101104.7,x,,per- + <ombakan>,bentukan,[19] per- + (<others>) + (-i;-an;-kan)
101104.8,v,,pe- + <rombak> + -an,bentukan,[96] pe- + (<all>) + (-an)
101104.9,x,,pe- + <rombakan>,bentukan,[96] pe- + (<all>) + (-an)
101104.1,x,,<peromba> + -kan,bentukan,[29] [S] -kan + (<all>)
101104.11,x,,<perombak> + -an,bentukan,[38] [S] -an + (<all>)
,,,,,
101105,k,18,perompak,dasar,
101105.1,x,,[peng-:pe-] + <rompak>,bentukan,[8] peng- + (l;m;n;ng;ny;r;w;y;[p:m];[t:n];[k:ng];[s:ny]) + (-an)
101105.2,x,,[per-:pe-] + <rompak>,bentukan,[17] per- + (r) + (-an)
101105.3,x,,per- + <ompak>,bentukan,[19] per- + (<others>) + (-i;-an;-kan)
101105.4,v,,pe- + <rompak>,bentukan,[96] pe- + (<all>) + (-an)
,,,,,
101106,v,4,perompak-perompak,dasar,
101106.1,x,,<perompak> [-] <r>,bentukan,[23] [RD] |
101106.2,x,,[peng-:pe-] + <rompak> [-] [peng-:pe-] + <r>,bentukan,[8] peng- + (l;m;n;ng;ny;r;w;y;[p:m];[t:n];[k:ng];[s:ny]) + (-an) => [23] [RD] |
101106.3,x,,[per-:pe-] + <rompak> [-] [per-:pe-] + <r>,bentukan,[17] per- + (r) + (-an) => [23] [RD] |
101106.4,x,,per- + <ompak> [-] per- + <r>,bentukan,[19] per- + (<others>) + (-i;-an;-kan) => [23] [RD] |
101106.5,v,,pe- + <rompak> [-] pe- + <r>,bentukan,[96] pe- + (<all>) + (-an) => [23] [RD] |
,,,,,
101107,v,13,perompakan,dasar,
101107.1,x,,[peng-:pe-] + <rompak> + -an,bentukan,[8] peng- + (l;m;n;ng;ny;r;w;y;[p:m];[t:n];[k:ng];[s:ny]) + (-an)
101107.2,x,,[peng-:pe-] + <rompakan>,bentukan,[8] peng- + (l;m;n;ng;ny;r;w;y;[p:m];[t:n];[k:ng];[s:ny]) + (-an)
101107.3,x,,[per-:pe-] + <rompak> + -an,bentukan,[17] per- + (r) + (-an)
101107.4,x,,[per-:pe-] + <rompakan>,bentukan,[17] per- + (r) + (-an)
101107.5,x,,per- + <ompak> + -an,bentukan,[19] per- + (<others>) + (-i;-an;-kan)
101107.6,x,,per- + <ompa> + -kan,bentukan,[19] per- + (<others>) + (-i;-an;-kan)
101107.7,x,,per- + <ompakan>,bentukan,[19] per- + (<others>) + (-i;-an;-kan)
101107.8,v,,pe- + <rompak> + -an,bentukan,[96] pe- + (<all>) + (-an)
101107.9,x,,pe- + <rompakan>,bentukan,[96] pe- + (<all>) + (-an)
101107.1,x,,<perompa> + -kan,bentukan,[29] [S] -kan + (<all>)
101107.11,x,,<perompak> + -an,bentukan,[38] [S] -an + (<all>)
,,,,,
101108,v,2,perompaknya,dasar,
101108.1,x,,[peng-:pe-] + <rompaknya>,bentukan,[8] peng- + (l;m;n;ng;ny;r;w;y;[p:m];[t:n];[k:ng];[s:ny]) + (-an)
101108.2,x,,[per-:pe-] + <rompaknya>,bentukan,[17] per- + (r) + (-an)
101108.3,x,,per- + <ompaknya>,bentukan,[19] per- + (<others>) + (-i;-an;-kan)
101108.4,x,,pe- + <rompaknya>,bentukan,[96] pe- + (<all>) + (-an)
101108.5,v,,<perompak> + -nya,bentukan,[34] [SFS] -nya + (<all>)
101108.6,x,,[peng-:pe-] + <rompak> + -nya,bentukan,[8] peng- + (l;m;n;ng;ny;r;w;y;[p:m];[t:n];[k:ng];[s:ny]) + (-an) => [34] [SFS] -nya + (<all>)
101108.7,x,,[per-:pe-] + <rompak> + -nya,bentukan,[17] per- + (r) + (-an) => [34] [SFS] -nya + (<all>)
101108.8,x,,per- + <ompak> + -nya,bentukan,[19] per- + (<others>) + (-i;-an;-kan) => [34] [SFS] -nya + (<all>)
101108.9,v,,pe- + <rompak> + -nya,bentukan,[96] pe- + (<all>) + (-an) => [34] [SFS] -nya + (<all>)
,,,,,
101109,k,35,peron,dasar,
101109.1,x,,[peng-:pe-] + <ron>,bentukan,[8] peng- + (l;m;n;ng;ny;r;w;y;[p:m];[t:n];[k:ng];[s:ny]) + (-an)
101109.2,x,,[per-:pe-] + <ron>,bentukan,[17] per- + (r) + (-an)
101109.3,x,,per- + <on>,bentukan,[19] per- + (<others>) + (-i;-an;-kan)
101109.4,x,,pe- + <ron>,bentukan,[96] pe- + (<all>) + (-an)
,,,,,
101110,k,0,peron bus,dasar,
101110.1,x,,[peng-:pe-] + <ron bus>,bentukan,[8] peng- + (l;m;n;ng;ny;r;w;y;[p:m];[t:n];[k:ng];[s:ny]) + (-an)
101110.2,x,,[per-:pe-] + <ron bus>,bentukan,[17] per- + (r) + (-an)
101110.3,x,,per- + <on bus>,bentukan,[19] per- + (<others>) + (-i;-an;-kan)
101110.4,x,,pe- + <ron bus>,bentukan,[96] pe- + (<all>) + (-an)
,,,,,
101111,v,2,peron-peron,dasar,
101111.1,v,,<peron> [-] <r>,bentukan,[23] [RD] |
101111.2,x,,[peng-:pe-] + <ron> [-] [peng-:pe-] + <r>,bentukan,[8] peng- + (l;m;n;ng;ny;r;w;y;[p:m];[t:n];[k:ng];[s:ny]) + (-an) => [23] [RD] |
101111.3,x,,[per-:pe-] + <ron> [-] [per-:pe-] + <r>,bentukan,[17] per- + (r) + (-an) => [23] [RD] |
101111.4,x,,per- + <on> [-] per- + <r>,bentukan,[19] per- + (<others>) + (-i;-an;-kan) => [23] [RD] |
101111.5,x,,pe- + <ron> [-] pe- + <r>,bentukan,[96] pe- + (<all>) + (-an) => [23] [RD] |
,,,,,
101112,k,12,perona,dasar,
101112.1,x,,[peng-:pe-] + <rona>,bentukan,[8] peng- + (l;m;n;ng;ny;r;w;y;[p:m];[t:n];[k:ng];[s:ny]) + (-an)
101112.2,x,,[per-:pe-] + <rona>,bentukan,[17] per- + (r) + (-an)
101112.3,x,,per- + <ona>,bentukan,[19] per- + (<others>) + (-i;-an;-kan)
101112.4,v,,pe- + <rona>,bentukan,[96] pe- + (<all>) + (-an)
,,,,,
101113,k,0,perona mata,dasar,
101113.1,x,,[peng-:pe-] + <rona mata>,bentukan,[8] peng- + (l;m;n;ng;ny;r;w;y;[p:m];[t:n];[k:ng];[s:ny]) + (-an)
101113.2,x,,[per-:pe-] + <rona mata>,bentukan,[17] per- + (r) + (-an)
101113.3,x,,per- + <ona mata>,bentukan,[19] per- + (<others>) + (-i;-an;-kan)
101113.4,x,,pe- + <rona mata>,bentukan,[96] pe- + (<all>) + (-an)
,,,,,
101114,k,0,perona pipi,dasar,
101114.1,x,,[peng-:pe-] + <rona pipi>,bentukan,[8] peng- + (l;m;n;ng;ny;r;w;y;[p:m];[t:n];[k:ng];[s:ny]) + (-an)
101114.2,x,,[per-:pe-] + <rona pipi>,bentukan,[17] per- + (r) + (-an)
101114.3,x,,per- + <ona pip> + -i,bentukan,[19] per- + (<others>) + (-i;-an;-kan)
101114.4,x,,per- + <ona pipi>,bentukan,[19] per- + (<others>) + (-i;-an;-kan)
101114.5,x,,pe- + <rona pipi>,bentukan,[96] pe- + (<all>) + (-an)
101114.6,x,,<perona pip> + -i,bentukan,[28] [S] -i + (<all>)
,,,,,
101115,k,0,peronce,dasar,
101115.1,x,,[peng-:pe-] + <ronce>,bentukan,[8] peng- + (l;m;n;ng;ny;r;w;y;[p:m];[t:n];[k:ng];[s:ny]) + (-an)
101115.2,x,,[per-:pe-] + <ronce>,bentukan,[17] per- + (r) + (-an)
101115.3,x,,per- + <once>,bentukan,[19] per- + (<others>) + (-i;-an;-kan)
101115.4,v,,pe- + <ronce>,bentukan,[96] pe- + (<all>) + (-an)
,,,,,
101116,k,0,peroncean,dasar,
101116.1,x,,[peng-:pe-] + <ronce> + -an,bentukan,[8] peng- + (l;m;n;ng;ny;r;w;y;[p:m];[t:n];[k:ng];[s:ny]) + (-an)
101116.2,x,,[peng-:pe-] + <roncean>,bentukan,[8] peng- + (l;m;n;ng;ny;r;w;y;[p:m];[t:n];[k:ng];[s:ny]) + (-an)
101116.3,x,,[per-:pe-] + <ronce> + -an,bentukan,[17] per- + (r) + (-an)
101116.4,x,,[per-:pe-] + <roncean>,bentukan,[17] per- + (r) + (-an)
101116.5,x,,per- + <once> + -an,bentukan,[19] per- + (<others>) + (-i;-an;-kan)
101116.6,x,,per- + <oncean>,bentukan,[19] per- + (<others>) + (-i;-an;-kan)
101116.7,v,,pe- + <ronce> + -an,bentukan,[96] pe- + (<all>) + (-an)
101116.8,x,,pe- + <roncean>,bentukan,[96] pe- + (<all>) + (-an)
101116.9,x,,<peronce> + -an,bentukan,[38] [S] -an + (<all>)
,,,,,
101117,k,9,peronda,dasar,
101117.1,x,,[peng-:pe-] + <ronda>,bentukan,[8] peng- + (l;m;n;ng;ny;r;w;y;[p:m];[t:n];[k:ng];[s:ny]) + (-an)
101117.2,x,,[per-:pe-] + <ronda>,bentukan,[17] per- + (r) + (-an)
101117.3,x,,per- + <onda>,bentukan,[19] per- + (<others>) + (-i;-an;-kan)
101117.4,v,,pe- + <ronda>,bentukan,[96] pe- + (<all>) + (-an)
,,,,,
101118,k,0,perondaan,dasar,
101118.1,x,,[peng-:pe-] + <ronda> + -an,bentukan,[8] peng- + (l;m;n;ng;ny;r;w;y;[p:m];[t:n];[k:ng];[s:ny]) + (-an)
101118.2,x,,[peng-:pe-] + <rondaan>,bentukan,[8] peng- + (l;m;n;ng;ny;r;w;y;[p:m];[t:n];[k:ng];[s:ny]) + (-an)
101118.3,x,,[per-:pe-] + <ronda> + -an,bentukan,[17] per- + (r) + (-an)
101118.4,x,,[per-:pe-] + <rondaan>,bentukan,[17] per- + (r) + (-an)
101118.5,x,,per- + <onda> + -an,bentukan,[19] per- + (<others>) + (-i;-an;-kan)
101118.6,x,,per- + <ondaan>,bentukan,[19] per- + (<others>) + (-i;-an;-kan)
101118.7,v,,pe- + <ronda> + -an,bentukan,[96] pe- + (<all>) + (-an)
101118.8,x,,pe- + <rondaan>,bentukan,[96] pe- + (<all>) + (-an)
101118.9,x,,<peronda> + -an,bentukan,[38] [S] -an + (<all>)
,,,,,
101119,k,0,peroneal,dasar,
101119.1,x,,[peng-:pe-] + <roneal>,bentukan,[8] peng- + (l;m;n;ng;ny;r;w;y;[p:m];[t:n];[k:ng];[s:ny]) + (-an)
101119.2,x,,[per-:pe-] + <roneal>,bentukan,[17] per- + (r) + (-an)
101119.3,x,,per- + <oneal>,bentukan,[19] per- + (<others>) + (-i;-an;-kan)
101119.4,x,,pe- + <roneal>,bentukan,[96] pe- + (<all>) + (-an)
,,,,,
101120,k,0,peronggaan,dasar,
101120.1,x,,[peng-:pe-] + <rongga> + -an,bentukan,[8] peng- + (l;m;n;ng;ny;r;w;y;[p:m];[t:n];[k:ng];[s:ny]) + (-an)
101120.2,x,,[peng-:pe-] + <ronggaan>,bentukan,[8] peng- + (l;m;n;ng;ny;r;w;y;[p:m];[t:n];[k:ng];[s:ny]) + (-an)
101120.3,x,,[per-:pe-] + <rongga> + -an,bentukan,[17] per- + (r) + (-an)
101120.4,x,,[per-:pe-] + <ronggaan>,bentukan,[17] per- + (r) + (-an)
101120.5,x,,per- + <ongga> + -an,bentukan,[19] per- + (<others>) + (-i;-an;-kan)
101120.6,x,,per- + <onggaan>,bentukan,[19] per- + (<others>) + (-i;-an;-kan)
101120.7,v,,pe- + <rongga> + -an,bentukan,[96] pe- + (<all>) + (-an)
101120.8,x,,pe- + <ronggaan>,bentukan,[96] pe- + (<all>) + (-an)
101120.9,x,,<perongga> + -an,bentukan,[38] [S] -an + (<all>)
,,,,,
101121,k,0,perongkosan,dasar,
101121.1,x,,[peng-:pe-] + <rongkos> + -an,bentukan,[8] peng- + (l;m;n;ng;ny;r;w;y;[p:m];[t:n];[k:ng];[s:ny]) + (-an)
101121.2,x,,[peng-:pe-] + <rongkosan>,bentukan,[8] peng- + (l;m;n;ng;ny;r;w;y;[p:m];[t:n];[k:ng];[s:ny]) + (-an)
101121.3,x,,[per-:pe-] + <rongkos> + -an,bentukan,[17] per- + (r) + (-an)
101121.4,x,,[per-:pe-] + <rongkosan>,bentukan,[17] per- + (r) + (-an)
101121.5,v,,per- + <ongkos> + -an,bentukan,[19] per- + (<others>) + (-i;-an;-kan)
101121.6,x,,per- + <ongkosan>,bentukan,[19] per- + (<others>) + (-i;-an;-kan)
101121.7,x,,pe- + <rongkos> + -an,bentukan,[96] pe- + (<all>) + (-an)
101121.8,x,,pe- + <rongkosan>,bentukan,[96] pe- + (<all>) + (-an)
101121.9,x,,<perongkos> + -an,bentukan,[38] [S] -an + (<all>)
,,,,,
101122,k,0,perongos,dasar,
101122.1,x,,[peng-:pe-] + <rongos>,bentukan,[8] peng- + (l;m;n;ng;ny;r;w;y;[p:m];[t:n];[k:ng];[s:ny]) + (-an)
101122.2,x,,[per-:pe-] + <rongos>,bentukan,[17] per- + (r) + (-an)
101122.3,x,,per- + <ongos>,bentukan,[19] per- + (<others>) + (-i;-an;-kan)
101122.4,v,,pe- + <rongos>,bentukan,[96] pe- + (<all>) + (-an)
,,,,,
101123,k,0,perongrong,dasar,
101123.1,x,,[peng-:pe-] + <rongrong>,bentukan,[8] peng- + (l;m;n;ng;ny;r;w;y;[p:m];[t:n];[k:ng];[s:ny]) + (-an)
101123.2,x,,[per-:pe-] + <rongrong>,bentukan,[17] per- + (r) + (-an)
101123.3,x,,per- + <ongrong>,bentukan,[19] per- + (<others>) + (-i;-an;-kan)
101123.4,v,,pe- + <rongrong>,bentukan,[96] pe- + (<all>) + (-an)
,,,,,
101124,d,0,perongrongan,dasar,
101124.1,x,,[peng-:pe-] + <rongrong> + -an,bentukan,[8] peng- + (l;m;n;ng;ny;r;w;y;[p:m];[t:n];[k:ng];[s:ny]) + (-an)
101124.2,x,,[peng-:pe-] + <rongrongan>,bentukan,[8] peng- + (l;m;n;ng;ny;r;w;y;[p:m];[t:n];[k:ng];[s:ny]) + (-an)
101124.3,x,,[per-:pe-] + <rongrong> + -an,bentukan,[17] per- + (r) + (-an)
101124.4,x,,[per-:pe-] + <rongrongan>,bentukan,[17] per- + (r) + (-an)
101124.5,x,,per- + <ongrong> + -an,bentukan,[19] per- + (<others>) + (-i;-an;-kan)
101124.6,x,,per- + <ongrongan>,bentukan,[19] per- + (<others>) + (-i;-an;-kan)
101124.7,v,,pe- + <rongrong> + -an,bentukan,[96] pe- + (<all>) + (-an)
101124.8,x,,pe- + <rongrongan>,bentukan,[96] pe- + (<all>) + (-an)
101124.9,x,,<perongrong> + -an,bentukan,[38] [S] -an + (<all>)
,,,,,
101125,d,0,peronta,dasar,
101125.1,x,,[peng-:pe-] + <ronta>,bentukan,[8] peng- + (l;m;n;ng;ny;r;w;y;[p:m];[t:n];[k:ng];[s:ny]) + (-an)
101125.2,x,,[per-:pe-] + <ronta>,bentukan,[17] per- + (r) + (-an)
101125.3,x,,per- + <onta>,bentukan,[19] per- + (<others>) + (-i;-an;-kan)
101125.4,v,,pe- + <ronta>,bentukan,[96] pe- + (<all>) + (-an)
,,,,,
101126,d,0,perontaan,dasar,
101126.1,x,,[peng-:pe-] + <ronta> + -an,bentukan,[8] peng- + (l;m;n;ng;ny;r;w;y;[p:m];[t:n];[k:ng];[s:ny]) + (-an)
101126.2,x,,[peng-:pe-] + <rontaan>,bentukan,[8] peng- + (l;m;n;ng;ny;r;w;y;[p:m];[t:n];[k:ng];[s:ny]) + (-an)
101126.3,x,,[per-:pe-] + <ronta> + -an,bentukan,[17] per- + (r) + (-an)
101126.4,x,,[per-:pe-] + <rontaan>,bentukan,[17] per- + (r) + (-an)
101126.5,x,,per- + <onta> + -an,bentukan,[19] per- + (<others>) + (-i;-an;-kan)
101126.6,x,,per- + <ontaan>,bentukan,[19] per- + (<others>) + (-i;-an;-kan)
101126.7,v,,pe- + <ronta> + -an,bentukan,[96] pe- + (<all>) + (-an)
101126.8,x,,pe- + <rontaan>,bentukan,[96] pe- + (<all>) + (-an)
101126.9,x,,<peronta> + -an,bentukan,[38] [S] -an + (<all>)
,,,,,
101127,k,8,perontok,dasar,
101127.1,x,,[peng-:pe-] + <rontok>,bentukan,[8] peng- + (l;m;n;ng;ny;r;w;y;[p:m];[t:n];[k:ng];[s:ny]) + (-an)
101127.2,x,,[per-:pe-] + <rontok>,bentukan,[17] per- + (r) + (-an)
101127.3,x,,per- + <ontok>,bentukan,[19] per- + (<others>) + (-i;-an;-kan)
101127.4,v,,pe- + <rontok>,bentukan,[96] pe- + (<all>) + (-an)
,,,,,
101128,k,4,perontokan,dasar,
101128.1,x,,[peng-:pe-] + <rontok> + -an,bentukan,[8] peng- + (l;m;n;ng;ny;r;w;y;[p:m];[t:n];[k:ng];[s:ny]) + (-an)
101128.2,x,,[peng-:pe-] + <rontokan>,bentukan,[8] peng- + (l;m;n;ng;ny;r;w;y;[p:m];[t:n];[k:ng];[s:ny]) + (-an)
101128.3,x,,[per-:pe-] + <rontok> + -an,bentukan,[17] per- + (r) + (-an)
101128.4,x,,[per-:pe-] + <rontokan>,bentukan,[17] per- + (r) + (-an)
101128.5,x,,per- + <ontok> + -an,bentukan,[19] per- + (<others>) + (-i;-an;-kan)
101128.6,x,,per- + <onto> + -kan,bentukan,[19] per- + (<others>) + (-i;-an;-kan)
101128.7,x,,per- + <ontokan>,bentukan,[19] per- + (<others>) + (-i;-an;-kan)
101128.8,v,,pe- + <rontok> + -an,bentukan,[96] pe- + (<all>) + (-an)
101128.9,x,,pe- + <rontokan>,bentukan,[96] pe- + (<all>) + (-an)
101128.1,x,,<peronto> + -kan,bentukan,[29] [S] -kan + (<all>)
101128.11,x,,<perontok> + -an,bentukan,[38] [S] -an + (<all>)
,,,,,
101129,k,0,peronyok,dasar,
101129.1,x,,[peng-:pe-] + <ronyok>,bentukan,[8] peng- + (l;m;n;ng;ny;r;w;y;[p:m];[t:n];[k:ng];[s:ny]) + (-an)
101129.2,x,,[per-:pe-] + <ronyok>,bentukan,[17] per- + (r) + (-an)
101129.3,x,,per- + <onyok>,bentukan,[19] per- + (<others>) + (-i;-an;-kan)
101129.4,v,,pe- + <ronyok>,bentukan,[96] pe- + (<all>) + (-an)
,,,,,
101130,c,0,perop,dasar,prop
101130.1,x,,[peng-:pe-] + <rop>,bentukan,[8] peng- + (l;m;n;ng;ny;r;w;y;[p:m];[t:n];[k:ng];[s:ny]) + (-an)
101130.2,x,,[per-:pe-] + <rop>,bentukan,[17] per- + (r) + (-an)
101130.3,x,,per- + <op>,bentukan,[19] per- + (<others>) + (-i;-an;-kan)
101130.4,x,,pe- + <rop>,bentukan,[96] pe- + (<all>) + (-an)
,,,,,
101131,t,16,perorang,dasar,per orang
101131.1,x,,[peng-:pe-] + <rorang>,bentukan,[8] peng- + (l;m;n;ng;ny;r;w;y;[p:m];[t:n];[k:ng];[s:ny]) + (-an)
101131.2,x,,[per-:pe-] + <rorang>,bentukan,[17] per- + (r) + (-an)
101131.3,x,,per- + <orang>,bentukan,[19] per- + (<others>) + (-i;-an;-kan)
101131.4,x,,pe- + <rorang>,bentukan,[96] pe- + (<all>) + (-an)
,,,,,
101132,k,686,perorangan,dasar,
101132.1,x,,[peng-:pe-] + <rorang> + -an,bentukan,[8] peng- + (l;m;n;ng;ny;r;w;y;[p:m];[t:n];[k:ng];[s:ny]) + (-an)
101132.2,x,,[peng-:pe-] + <rorangan>,bentukan,[8] peng- + (l;m;n;ng;ny;r;w;y;[p:m];[t:n];[k:ng];[s:ny]) + (-an)
101132.3,x,,[per-:pe-] + <rorang> + -an,bentukan,[17] per- + (r) + (-an)
101132.4,x,,[per-:pe-] + <rorangan>,bentukan,[17] per- + (r) + (-an)
101132.5,v,,per- + <orang> + -an,bentukan,[19] per- + (<others>) + (-i;-an;-kan)
101132.6,x,,per- + <orangan>,bentukan,[19] per- + (<others>) + (-i;-an;-kan)
101132.7,x,,pe- + <rorang> + -an,bentukan,[96] pe- + (<all>) + (-an)
101132.8,x,,pe- + <rorangan>,bentukan,[96] pe- + (<all>) + (-an)
101132.9,x,,<perorang> + -an,bentukan,[38] [S] -an + (<all>)
,,,,,
101133,v,2,perorangannya,dasar,
101133.1,x,,[peng-:pe-] + <rorangannya>,bentukan,[8] peng- + (l;m;n;ng;ny;r;w;y;[p:m];[t:n];[k:ng];[s:ny]) + (-an)
101133.2,x,,[per-:pe-] + <rorangannya>,bentukan,[17] per- + (r) + (-an)
101133.3,x,,per- + <orangannya>,bentukan,[19] per- + (<others>) + (-i;-an;-kan)
101133.4,x,,pe- + <rorangannya>,bentukan,[96] pe- + (<all>) + (-an)
101133.5,x,,<perorangan> + -nya,bentukan,[34] [SFS] -nya + (<all>)
101133.6,x,,[peng-:pe-] + <rorang> + -an + -nya,bentukan,[8] peng- + (l;m;n;ng;ny;r;w;y;[p:m];[t:n];[k:ng];[s:ny]) + (-an) => [34] [SFS] -nya + (<all>)
101133.7,x,,[peng-:pe-] + <rorangan> + -nya,bentukan,[8] peng- + (l;m;n;ng;ny;r;w;y;[p:m];[t:n];[k:ng];[s:ny]) + (-an) => [34] [SFS] -nya + (<all>)
101133.8,x,,[per-:pe-] + <rorang> + -an + -nya,bentukan,[17] per- + (r) + (-an) => [34] [SFS] -nya + (<all>)
101133.9,x,,[per-:pe-] + <rorangan> + -nya,bentukan,[17] per- + (r) + (-an) => [34] [SFS] -nya + (<all>)
101133.1,v,,per- + <orang> + -an + -nya,bentukan,[19] per- + (<others>) + (-i;-an;-kan) => [34] [SFS] -nya + (<all>)
101133.11,x,,per- + <orangan> + -nya,bentukan,[19] per- + (<others>) + (-i;-an;-kan) => [34] [SFS] -nya + (<all>)
101133.12,x,,pe- + <rorang> + -an + -nya,bentukan,[96] pe- + (<all>) + (-an) => [34] [SFS] -nya + (<all>)
101133.13,x,,pe- + <rorangan> + -nya,bentukan,[96] pe- + (<all>) + (-an) => [34] [SFS] -nya + (<all>)
101133.14,x,,<perorang> + -an + -nya,bentukan,[38] [S] -an + (<all>) => [34] [SFS] -nya + (<all>)
,,,,,
101134,t,3,peroses,dasar,proses
101134.1,x,,[peng-:pe-] + <roses>,bentukan,[8] peng- + (l;m;n;ng;ny;r;w;y;[p:m];[t:n];[k:ng];[s:ny]) + (-an)
101134.2,x,,[per-:pe-] + <roses>,bentukan,[17] per- + (r) + (-an)
101134.3,x,,per- + <oses>,bentukan,[19] per- + (<others>) + (-i;-an;-kan)
101134.4,x,,pe- + <roses>,bentukan,[96] pe- + (<all>) + (-an)
,,,,,
101135,k,0,perosis,dasar,
101135.1,x,,[peng-:pe-] + <rosis>,bentukan,[8] peng- + (l;m;n;ng;ny;r;w;y;[p:m];[t:n];[k:ng];[s:ny]) + (-an)
101135.2,x,,[per-:pe-] + <rosis>,bentukan,[17] per- + (r) + (-an)
101135.3,x,,per- + <osis>,bentukan,[19] per- + (<others>) + (-i;-an;-kan)
101135.4,x,,pe- + <rosis>,bentukan,[96] pe- + (<all>) + (-an)
101135.5,x,,<perosi> + [-is:-s],bentukan,[177] [S] -is + (i)
101135.6,x,,<peros> + -is,bentukan,[178] [S] -is + (<others>)
,,,,,
101136,k,0,perosok,dasar,
101136.1,x,,[peng-:pe-] + <rosok>,bentukan,[8] peng- + (l;m;n;ng;ny;r;w;y;[p:m];[t:n];[k:ng];[s:ny]) + (-an)
101136.2,x,,[per-:pe-] + <rosok>,bentukan,[17] per- + (r) + (-an)
101136.3,x,,per- + <osok>,bentukan,[19] per- + (<others>) + (-i;-an;-kan)
101136.4,x,,pe- + <rosok>,bentukan,[96] pe- + (<all>) + (-an)
,,,,,
101137,k,0,perosot,dasar,
101137.1,x,,[peng-:pe-] + <rosot>,bentukan,[8] peng- + (l;m;n;ng;ny;r;w;y;[p:m];[t:n];[k:ng];[s:ny]) + (-an)
101137.2,x,,[per-:pe-] + <rosot>,bentukan,[17] per- + (r) + (-an)
101137.3,x,,per- + <osot>,bentukan,[19] per- + (<others>) + (-i;-an;-kan)
101137.4,x,,pe- + <rosot>,bentukan,[96] pe- + (<all>) + (-an)
,,,,,
101138,k,4,perosotan,dasar,
101138.1,x,,[peng-:pe-] + <rosot> + -an,bentukan,[8] peng- + (l;m;n;ng;ny;r;w;y;[p:m];[t:n];[k:ng];[s:ny]) + (-an)
101138.2,x,,[peng-:pe-] + <rosotan>,bentukan,[8] peng- + (l;m;n;ng;ny;r;w;y;[p:m];[t:n];[k:ng];[s:ny]) + (-an)
101138.3,x,,[per-:pe-] + <rosot> + -an,bentukan,[17] per- + (r) + (-an)
101138.4,x,,[per-:pe-] + <rosotan>,bentukan,[17] per- + (r) + (-an)
101138.5,x,,per- + <osot> + -an,bentukan,[19] per- + (<others>) + (-i;-an;-kan)
101138.6,x,,per- + <osotan>,bentukan,[19] per- + (<others>) + (-i;-an;-kan)
101138.7,x,,pe- + <rosot> + -an,bentukan,[96] pe- + (<all>) + (-an)
101138.8,x,,pe- + <rosotan>,bentukan,[96] pe- + (<all>) + (-an)
101138.9,v,,<perosot> + -an,bentukan,[38] [S] -an + (<all>)
,,,,,
101139,k,0,perot,dasar,
101139.1,x,,[peng-:pe-] + <rot>,bentukan,[8] peng- + (l;m;n;ng;ny;r;w;y;[p:m];[t:n];[k:ng];[s:ny]) + (-an)
101139.2,x,,[per-:pe-] + <rot>,bentukan,[17] per- + (r) + (-an)
101139.3,x,,per- + <ot>,bentukan,[19] per- + (<others>) + (-i;-an;-kan)
101139.4,x,,pe- + <rot>,bentukan,[96] pe- + (<all>) + (-an)
,,,,,
101140,k,0,perotan,dasar,
101140.1,x,,[peng-:pe-] + <rot> + -an,bentukan,[8] peng- + (l;m;n;ng;ny;r;w;y;[p:m];[t:n];[k:ng];[s:ny]) + (-an)
101140.2,x,,[peng-:pe-] + <rotan>,bentukan,[8] peng- + (l;m;n;ng;ny;r;w;y;[p:m];[t:n];[k:ng];[s:ny]) + (-an)
101140.3,x,,[per-:pe-] + <rot> + -an,bentukan,[17] per- + (r) + (-an)
101140.4,x,,[per-:pe-] + <rotan>,bentukan,[17] per- + (r) + (-an)
101140.5,x,,per- + <ot> + -an,bentukan,[19] per- + (<others>) + (-i;-an;-kan)
101140.6,x,,per- + <otan>,bentukan,[19] per- + (<others>) + (-i;-an;-kan)
101140.7,x,,pe- + <rot> + -an,bentukan,[96] pe- + (<all>) + (-an)
101140.8,v,,pe- + <rotan>,bentukan,[96] pe- + (<all>) + (-an)
101140.9,x,,<perot> + -an,bentukan,[38] [S] -an + (<all>)
,,,,,
101141,k,0,perotasian,dasar,
101141.1,x,,[peng-:pe-] + <rotasi> + -an,bentukan,[8] peng- + (l;m;n;ng;ny;r;w;y;[p:m];[t:n];[k:ng];[s:ny]) + (-an)
101141.2,x,,[peng-:pe-] + <rotasian>,bentukan,[8] peng- + (l;m;n;ng;ny;r;w;y;[p:m];[t:n];[k:ng];[s:ny]) + (-an)
101141.3,x,,[per-:pe-] + <rotasi> + -an,bentukan,[17] per- + (r) + (-an)
101141.4,x,,[per-:pe-] + <rotasian>,bentukan,[17] per- + (r) + (-an)
101141.5,x,,per- + <otasi> + -an,bentukan,[19] per- + (<others>) + (-i;-an;-kan)
101141.6,x,,per- + <otasian>,bentukan,[19] per- + (<others>) + (-i;-an;-kan)
101141.7,v,,pe- + <rotasi> + -an,bentukan,[96] pe- + (<all>) + (-an)
101141.8,x,,pe- + <rotasian>,bentukan,[96] pe- + (<all>) + (-an)
101141.9,x,,<perotasi> + -an,bentukan,[38] [S] -an + (<all>)
,,,,,
101142,k,0,perototan,dasar,
101142.1,x,,[peng-:pe-] + <rotot> + -an,bentukan,[8] peng- + (l;m;n;ng;ny;r;w;y;[p:m];[t:n];[k:ng];[s:ny]) + (-an)
101142.2,x,,[peng-:pe-] + <rototan>,bentukan,[8] peng- + (l;m;n;ng;ny;r;w;y;[p:m];[t:n];[k:ng];[s:ny]) + (-an)
101142.3,x,,[per-:pe-] + <rotot> + -an,bentukan,[17] per- + (r) + (-an)
101142.4,x,,[per-:pe-] + <rototan>,bentukan,[17] per- + (r) + (-an)
101142.5,v,,per- + <otot> + -an,bentukan,[19] per- + (<others>) + (-i;-an;-kan)
101142.6,x,,per- + <ototan>,bentukan,[19] per- + (<others>) + (-i;-an;-kan)
101142.7,x,,pe- + <rotot> + -an,bentukan,[96] pe- + (<all>) + (-an)
101142.8,x,,pe- + <rototan>,bentukan,[96] pe- + (<all>) + (-an)
101142.9,x,,<perotot> + -an,bentukan,[38] [S] -an + (<all>)
